(kicad_pcb (version 20171130) (host pcbnew "(5.1.8)-1")

  (general
    (thickness 1.6)
    (drawings 34)
    (tracks 688)
    (zones 0)
    (modules 39)
    (nets 50)
  )

  (page A4)
  (layers
    (0 F.Cu signal)
    (31 B.Cu signal)
    (32 B.Adhes user)
    (33 F.Adhes user)
    (34 B.Paste user)
    (35 F.Paste user)
    (36 B.SilkS user)
    (37 F.SilkS user)
    (38 B.Mask user)
    (39 F.Mask user)
    (40 Dwgs.User user)
    (41 Cmts.User user)
    (42 Eco1.User user)
    (43 Eco2.User user)
    (44 Edge.Cuts user)
    (45 Margin user)
    (46 B.CrtYd user)
    (47 F.CrtYd user)
    (48 B.Fab user)
    (49 F.Fab user)
  )

  (setup
    (last_trace_width 0.25)
    (trace_clearance 0.2)
    (zone_clearance 0.508)
    (zone_45_only no)
    (trace_min 0.2)
    (via_size 0.8)
    (via_drill 0.4)
    (via_min_size 0.4)
    (via_min_drill 0.3)
    (uvia_size 0.3)
    (uvia_drill 0.1)
    (uvias_allowed no)
    (uvia_min_size 0.2)
    (uvia_min_drill 0.1)
    (edge_width 0.05)
    (segment_width 0.2)
    (pcb_text_width 0.3)
    (pcb_text_size 1.5 1.5)
    (mod_edge_width 0.12)
    (mod_text_size 1 1)
    (mod_text_width 0.15)
    (pad_size 1.524 1.524)
    (pad_drill 0.762)
    (pad_to_mask_clearance 0)
    (aux_axis_origin 0 0)
    (visible_elements 7FFFFFFF)
    (pcbplotparams
      (layerselection 0x010fc_ffffffff)
      (usegerberextensions false)
      (usegerberattributes true)
      (usegerberadvancedattributes true)
      (creategerberjobfile true)
      (excludeedgelayer true)
      (linewidth 0.100000)
      (plotframeref false)
      (viasonmask false)
      (mode 1)
      (useauxorigin false)
      (hpglpennumber 1)
      (hpglpenspeed 20)
      (hpglpendiameter 15.000000)
      (psnegative false)
      (psa4output false)
      (plotreference true)
      (plotvalue true)
      (plotinvisibletext false)
      (padsonsilk false)
      (subtractmaskfromsilk false)
      (outputformat 1)
      (mirror false)
      (drillshape 1)
      (scaleselection 1)
      (outputdirectory ""))
  )

  (net 0 "")
  (net 1 E)
  (net 2 D_8)
  (net 3 F)
  (net 4 G)
  (net 5 DP)
  (net 6 A)
  (net 7 B)
  (net 8 C)
  (net 9 D)
  (net 10 GND)
  (net 11 +5V)
  (net 12 D0)
  (net 13 D1)
  (net 14 D2)
  (net 15 D3)
  (net 16 D4)
  (net 17 D5)
  (net 18 D6)
  (net 19 D7)
  (net 20 C1)
  (net 21 C2)
  (net 22 C3)
  (net 23 "Net-(J1-Pad14)")
  (net 24 KEY_ROW1)
  (net 25 KEY_ROW2)
  (net 26 KEY_COL1)
  (net 27 KEY_COL2)
  (net 28 D_C_1)
  (net 29 D_1)
  (net 30 D_C_3)
  (net 31 D_3)
  (net 32 D_C_5)
  (net 33 D_5)
  (net 34 D_C_7)
  (net 35 D_2)
  (net 36 D_C_2)
  (net 37 D_4)
  (net 38 D_C_4)
  (net 39 D_C_6)
  (net 40 D_C_8)
  (net 41 "Net-(R4-Pad1)")
  (net 42 "Net-(R5-Pad1)")
  (net 43 "Net-(R6-Pad1)")
  (net 44 "Net-(R7-Pad1)")
  (net 45 "Net-(R8-Pad1)")
  (net 46 "Net-(R9-Pad1)")
  (net 47 "Net-(R10-Pad1)")
  (net 48 "Net-(R11-Pad1)")
  (net 49 "Net-(TP1-Pad1)")

  (net_class Default "This is the default net class."
    (clearance 0.2)
    (trace_width 0.25)
    (via_dia 0.8)
    (via_drill 0.4)
    (uvia_dia 0.3)
    (uvia_drill 0.1)
    (add_net +5V)
    (add_net A)
    (add_net B)
    (add_net C)
    (add_net C1)
    (add_net C2)
    (add_net C3)
    (add_net D)
    (add_net D0)
    (add_net D1)
    (add_net D2)
    (add_net D3)
    (add_net D4)
    (add_net D5)
    (add_net D6)
    (add_net D7)
    (add_net DP)
    (add_net D_1)
    (add_net D_2)
    (add_net D_3)
    (add_net D_4)
    (add_net D_5)
    (add_net D_8)
    (add_net D_C_1)
    (add_net D_C_2)
    (add_net D_C_3)
    (add_net D_C_4)
    (add_net D_C_5)
    (add_net D_C_6)
    (add_net D_C_7)
    (add_net D_C_8)
    (add_net E)
    (add_net F)
    (add_net G)
    (add_net GND)
    (add_net KEY_COL1)
    (add_net KEY_COL2)
    (add_net KEY_ROW1)
    (add_net KEY_ROW2)
    (add_net "Net-(J1-Pad14)")
    (add_net "Net-(R10-Pad1)")
    (add_net "Net-(R11-Pad1)")
    (add_net "Net-(R4-Pad1)")
    (add_net "Net-(R5-Pad1)")
    (add_net "Net-(R6-Pad1)")
    (add_net "Net-(R7-Pad1)")
    (add_net "Net-(R8-Pad1)")
    (add_net "Net-(R9-Pad1)")
    (add_net "Net-(TP1-Pad1)")
  )

  (module Display_7Segment:7SegmentLED_LTS6760_LTS6780 (layer F.Cu) (tedit 5D86971C) (tstamp 608569A3)
    (at 218.35 82.55 90)
    (descr "7-Segment Display, LTS67x0, http://optoelectronics.liteon.com/upload/download/DS30-2001-355/S6760jd.pdf")
    (tags "7Segment LED LTS6760 LTS6780")
    (path /5FB4C3FE/5FB633C5)
    (fp_text reference U7 (at 7.62 -2.42 90) (layer F.SilkS)
      (effects (font (size 1 1) (thickness 0.15)))
    )
    (fp_text value KCSA02-136 (at 7.62 12.58 90) (layer F.Fab)
      (effects (font (size 1 1) (thickness 0.15)))
    )
    (fp_text user %R (at 7.87 5.08 90) (layer F.Fab)
      (effects (font (size 1 1) (thickness 0.15)))
    )
    (fp_line (start -0.905 -1.22) (end 17.145 -1.22) (layer F.Fab) (width 0.1))
    (fp_circle (center 2.62 9.08) (end 3.067214 9.08) (layer F.SilkS) (width 0.12))
    (fp_line (start 12.62 2.08) (end 12.62 9.08) (layer F.SilkS) (width 0.12))
    (fp_line (start 7.62 8.08) (end 7.62 1.08) (layer F.SilkS) (width 0.12))
    (fp_line (start 12.62 9.08) (end 7.62 8.08) (layer F.SilkS) (width 0.12))
    (fp_line (start 2.62 7.08) (end 7.62 8.08) (layer F.SilkS) (width 0.12))
    (fp_line (start 2.62 0.08) (end 2.62 7.08) (layer F.SilkS) (width 0.12))
    (fp_line (start 7.62 1.08) (end 2.62 0.08) (layer F.SilkS) (width 0.12))
    (fp_line (start 12.62 2.08) (end 7.62 1.08) (layer F.SilkS) (width 0.12))
    (fp_line (start -1.905 11.38) (end 17.145 11.38) (layer F.Fab) (width 0.1))
    (fp_line (start -1.905 -0.22) (end -1.905 11.38) (layer F.Fab) (width 0.1))
    (fp_line (start 17.145 11.38) (end 17.145 -1.22) (layer F.Fab) (width 0.1))
    (fp_line (start -0.905 -1.22) (end -1.905 -0.22) (layer F.Fab) (width 0.1))
    (fp_line (start -2.16 11.63) (end 17.4 11.63) (layer F.CrtYd) (width 0.05))
    (fp_line (start -2.16 -1.47) (end 17.4 -1.47) (layer F.CrtYd) (width 0.05))
    (fp_line (start 17.4 -1.47) (end 17.4 11.63) (layer F.CrtYd) (width 0.05))
    (fp_line (start -2.16 -1.47) (end -2.16 11.63) (layer F.CrtYd) (width 0.05))
    (fp_line (start 17.255 11.38) (end 17.255 -1.22) (layer F.SilkS) (width 0.12))
    (fp_line (start -2.015 -0.22) (end -2.015 11.38) (layer F.SilkS) (width 0.12))
    (fp_line (start 1.905 11.49) (end 13.335 11.49) (layer F.SilkS) (width 0.12))
    (fp_line (start 1.905 -1.33) (end 13.335 -1.33) (layer F.SilkS) (width 0.12))
    (pad 1 thru_hole rect (at 0 0) (size 1.524 2.524) (drill 0.8) (layers *.Cu *.Mask)
      (net 1 E))
    (pad 2 thru_hole oval (at 0 2.54) (size 1.524 2.524) (drill 0.8) (layers *.Cu *.Mask)
      (net 9 D))
    (pad 3 thru_hole oval (at 0 5.08) (size 1.524 2.524) (drill 0.8) (layers *.Cu *.Mask)
      (net 33 D_5))
    (pad 4 thru_hole oval (at 0 7.62) (size 1.524 2.524) (drill 0.8) (layers *.Cu *.Mask)
      (net 8 C))
    (pad 5 thru_hole oval (at 0 10.16) (size 1.524 2.524) (drill 0.8) (layers *.Cu *.Mask)
      (net 5 DP))
    (pad 6 thru_hole oval (at 15.24 10.16) (size 1.524 2.524) (drill 0.8) (layers *.Cu *.Mask)
      (net 7 B))
    (pad 7 thru_hole oval (at 15.24 7.62) (size 1.524 2.524) (drill 0.8) (layers *.Cu *.Mask)
      (net 6 A))
    (pad 8 thru_hole oval (at 15.24 5.08) (size 1.524 2.524) (drill 0.8) (layers *.Cu *.Mask)
      (net 33 D_5))
    (pad 9 thru_hole oval (at 15.24 2.54) (size 1.524 2.524) (drill 0.8) (layers *.Cu *.Mask)
      (net 3 F))
    (pad 10 thru_hole oval (at 15.24 0) (size 1.524 2.524) (drill 0.8) (layers *.Cu *.Mask)
      (net 4 G))
    (model ${KISYS3DMOD}/Display_7Segment.3dshapes/7SegmentLED_LTS6760_LTS6780.wrl
      (at (xyz 0 0 0))
      (scale (xyz 1 1 1))
      (rotate (xyz 0 0 0))
    )
  )

  (module Package_TO_SOT_SMD:SOT-23_Handsoldering (layer B.Cu) (tedit 5A0AB76C) (tstamp 608560F8)
    (at 166.3 95.1 270)
    (descr "SOT-23, Handsoldering")
    (tags SOT-23)
    (path /5FC37B24/5FDB7FD3)
    (attr smd)
    (fp_text reference Q3 (at 0 2.5 90) (layer B.SilkS)
      (effects (font (size 1 1) (thickness 0.15)) (justify mirror))
    )
    (fp_text value FDV304P (at 0 -2.5 90) (layer B.Fab)
      (effects (font (size 1 1) (thickness 0.15)) (justify mirror))
    )
    (fp_text user %R (at 0 0 180) (layer B.Fab)
      (effects (font (size 0.5 0.5) (thickness 0.075)) (justify mirror))
    )
    (fp_line (start 0.76 -1.58) (end 0.76 -0.65) (layer B.SilkS) (width 0.12))
    (fp_line (start 0.76 1.58) (end 0.76 0.65) (layer B.SilkS) (width 0.12))
    (fp_line (start -2.7 1.75) (end 2.7 1.75) (layer B.CrtYd) (width 0.05))
    (fp_line (start 2.7 1.75) (end 2.7 -1.75) (layer B.CrtYd) (width 0.05))
    (fp_line (start 2.7 -1.75) (end -2.7 -1.75) (layer B.CrtYd) (width 0.05))
    (fp_line (start -2.7 -1.75) (end -2.7 1.75) (layer B.CrtYd) (width 0.05))
    (fp_line (start 0.76 1.58) (end -2.4 1.58) (layer B.SilkS) (width 0.12))
    (fp_line (start -0.7 0.95) (end -0.7 -1.5) (layer B.Fab) (width 0.1))
    (fp_line (start -0.15 1.52) (end 0.7 1.52) (layer B.Fab) (width 0.1))
    (fp_line (start -0.7 0.95) (end -0.15 1.52) (layer B.Fab) (width 0.1))
    (fp_line (start 0.7 1.52) (end 0.7 -1.52) (layer B.Fab) (width 0.1))
    (fp_line (start -0.7 -1.52) (end 0.7 -1.52) (layer B.Fab) (width 0.1))
    (fp_line (start 0.76 -1.58) (end -0.7 -1.58) (layer B.SilkS) (width 0.12))
    (pad 3 smd rect (at 1.5 0 270) (size 1.9 0.8) (layers B.Cu B.Paste B.Mask)
      (net 33 D_5))
    (pad 2 smd rect (at -1.5 -0.95 270) (size 1.9 0.8) (layers B.Cu B.Paste B.Mask)
      (net 11 +5V))
    (pad 1 smd rect (at -1.5 0.95 270) (size 1.9 0.8) (layers B.Cu B.Paste B.Mask)
      (net 32 D_C_5))
    (model ${KISYS3DMOD}/Package_TO_SOT_SMD.3dshapes/SOT-23.wrl
      (at (xyz 0 0 0))
      (scale (xyz 1 1 1))
      (rotate (xyz 0 0 0))
    )
  )

  (module LED_THT:LED_D3.0mm (layer F.Cu) (tedit 587A3A7B) (tstamp 608576F3)
    (at 172 90.7)
    (descr "LED, diameter 3.0mm, 2 pins")
    (tags "LED diameter 3.0mm 2 pins")
    (path /5FB4C3FE/5FAFB32B)
    (fp_text reference D1 (at 1.27 -2.96) (layer F.SilkS)
      (effects (font (size 1 1) (thickness 0.15)))
    )
    (fp_text value LED (at 1.27 2.96) (layer F.Fab)
      (effects (font (size 1 1) (thickness 0.15)))
    )
    (fp_circle (center 1.27 0) (end 2.77 0) (layer F.Fab) (width 0.1))
    (fp_line (start -0.23 -1.16619) (end -0.23 1.16619) (layer F.Fab) (width 0.1))
    (fp_line (start -0.29 -1.236) (end -0.29 -1.08) (layer F.SilkS) (width 0.12))
    (fp_line (start -0.29 1.08) (end -0.29 1.236) (layer F.SilkS) (width 0.12))
    (fp_line (start -1.15 -2.25) (end -1.15 2.25) (layer F.CrtYd) (width 0.05))
    (fp_line (start -1.15 2.25) (end 3.7 2.25) (layer F.CrtYd) (width 0.05))
    (fp_line (start 3.7 2.25) (end 3.7 -2.25) (layer F.CrtYd) (width 0.05))
    (fp_line (start 3.7 -2.25) (end -1.15 -2.25) (layer F.CrtYd) (width 0.05))
    (fp_arc (start 1.27 0) (end -0.23 -1.16619) (angle 284.3) (layer F.Fab) (width 0.1))
    (fp_arc (start 1.27 0) (end -0.29 -1.235516) (angle 108.8) (layer F.SilkS) (width 0.12))
    (fp_arc (start 1.27 0) (end -0.29 1.235516) (angle -108.8) (layer F.SilkS) (width 0.12))
    (fp_arc (start 1.27 0) (end 0.229039 -1.08) (angle 87.9) (layer F.SilkS) (width 0.12))
    (fp_arc (start 1.27 0) (end 0.229039 1.08) (angle -87.9) (layer F.SilkS) (width 0.12))
    (pad 1 thru_hole rect (at 0 0) (size 1.8 1.8) (drill 0.9) (layers *.Cu *.Mask)
      (net 1 E))
    (pad 2 thru_hole circle (at 2.54 0) (size 1.8 1.8) (drill 0.9) (layers *.Cu *.Mask)
      (net 2 D_8))
    (model ${KISYS3DMOD}/LED_THT.3dshapes/LED_D3.0mm.wrl
      (at (xyz 0 0 0))
      (scale (xyz 1 1 1))
      (rotate (xyz 0 0 0))
    )
  )

  (module LED_THT:LED_D3.0mm (layer F.Cu) (tedit 587A3A7B) (tstamp 608576AA)
    (at 180.7 90.7)
    (descr "LED, diameter 3.0mm, 2 pins")
    (tags "LED diameter 3.0mm 2 pins")
    (path /5FB4C3FE/5FAF58A5)
    (fp_text reference D2 (at 1.27 -2.96) (layer F.SilkS)
      (effects (font (size 1 1) (thickness 0.15)))
    )
    (fp_text value LED (at 1.27 2.96) (layer F.Fab)
      (effects (font (size 1 1) (thickness 0.15)))
    )
    (fp_circle (center 1.27 0) (end 2.77 0) (layer F.Fab) (width 0.1))
    (fp_line (start -0.23 -1.16619) (end -0.23 1.16619) (layer F.Fab) (width 0.1))
    (fp_line (start -0.29 -1.236) (end -0.29 -1.08) (layer F.SilkS) (width 0.12))
    (fp_line (start -0.29 1.08) (end -0.29 1.236) (layer F.SilkS) (width 0.12))
    (fp_line (start -1.15 -2.25) (end -1.15 2.25) (layer F.CrtYd) (width 0.05))
    (fp_line (start -1.15 2.25) (end 3.7 2.25) (layer F.CrtYd) (width 0.05))
    (fp_line (start 3.7 2.25) (end 3.7 -2.25) (layer F.CrtYd) (width 0.05))
    (fp_line (start 3.7 -2.25) (end -1.15 -2.25) (layer F.CrtYd) (width 0.05))
    (fp_arc (start 1.27 0) (end -0.23 -1.16619) (angle 284.3) (layer F.Fab) (width 0.1))
    (fp_arc (start 1.27 0) (end -0.29 -1.235516) (angle 108.8) (layer F.SilkS) (width 0.12))
    (fp_arc (start 1.27 0) (end -0.29 1.235516) (angle -108.8) (layer F.SilkS) (width 0.12))
    (fp_arc (start 1.27 0) (end 0.229039 -1.08) (angle 87.9) (layer F.SilkS) (width 0.12))
    (fp_arc (start 1.27 0) (end 0.229039 1.08) (angle -87.9) (layer F.SilkS) (width 0.12))
    (pad 1 thru_hole rect (at 0 0) (size 1.8 1.8) (drill 0.9) (layers *.Cu *.Mask)
      (net 3 F))
    (pad 2 thru_hole circle (at 2.54 0) (size 1.8 1.8) (drill 0.9) (layers *.Cu *.Mask)
      (net 2 D_8))
    (model ${KISYS3DMOD}/LED_THT.3dshapes/LED_D3.0mm.wrl
      (at (xyz 0 0 0))
      (scale (xyz 1 1 1))
      (rotate (xyz 0 0 0))
    )
  )

  (module LED_THT:LED_D3.0mm (layer F.Cu) (tedit 587A3A7B) (tstamp 606B3ED2)
    (at 188.9 90.65)
    (descr "LED, diameter 3.0mm, 2 pins")
    (tags "LED diameter 3.0mm 2 pins")
    (path /5FB4C3FE/5FAFBFC1)
    (fp_text reference D3 (at 1.27 -2.96) (layer F.SilkS)
      (effects (font (size 1 1) (thickness 0.15)))
    )
    (fp_text value LED (at 1.27 2.96) (layer F.Fab)
      (effects (font (size 1 1) (thickness 0.15)))
    )
    (fp_line (start 3.7 -2.25) (end -1.15 -2.25) (layer F.CrtYd) (width 0.05))
    (fp_line (start 3.7 2.25) (end 3.7 -2.25) (layer F.CrtYd) (width 0.05))
    (fp_line (start -1.15 2.25) (end 3.7 2.25) (layer F.CrtYd) (width 0.05))
    (fp_line (start -1.15 -2.25) (end -1.15 2.25) (layer F.CrtYd) (width 0.05))
    (fp_line (start -0.29 1.08) (end -0.29 1.236) (layer F.SilkS) (width 0.12))
    (fp_line (start -0.29 -1.236) (end -0.29 -1.08) (layer F.SilkS) (width 0.12))
    (fp_line (start -0.23 -1.16619) (end -0.23 1.16619) (layer F.Fab) (width 0.1))
    (fp_circle (center 1.27 0) (end 2.77 0) (layer F.Fab) (width 0.1))
    (fp_arc (start 1.27 0) (end 0.229039 1.08) (angle -87.9) (layer F.SilkS) (width 0.12))
    (fp_arc (start 1.27 0) (end 0.229039 -1.08) (angle 87.9) (layer F.SilkS) (width 0.12))
    (fp_arc (start 1.27 0) (end -0.29 1.235516) (angle -108.8) (layer F.SilkS) (width 0.12))
    (fp_arc (start 1.27 0) (end -0.29 -1.235516) (angle 108.8) (layer F.SilkS) (width 0.12))
    (fp_arc (start 1.27 0) (end -0.23 -1.16619) (angle 284.3) (layer F.Fab) (width 0.1))
    (pad 2 thru_hole circle (at 2.54 0) (size 1.8 1.8) (drill 0.9) (layers *.Cu *.Mask)
      (net 2 D_8))
    (pad 1 thru_hole rect (at 0 0) (size 1.8 1.8) (drill 0.9) (layers *.Cu *.Mask)
      (net 4 G))
    (model ${KISYS3DMOD}/LED_THT.3dshapes/LED_D3.0mm.wrl
      (at (xyz 0 0 0))
      (scale (xyz 1 1 1))
      (rotate (xyz 0 0 0))
    )
  )

  (module LED_THT:LED_D3.0mm (layer F.Cu) (tedit 587A3A7B) (tstamp 606B3EE5)
    (at 196.1 90.7)
    (descr "LED, diameter 3.0mm, 2 pins")
    (tags "LED diameter 3.0mm 2 pins")
    (path /5FB4C3FE/5FAFC42C)
    (fp_text reference D4 (at 1.27 -2.96) (layer F.SilkS)
      (effects (font (size 1 1) (thickness 0.15)))
    )
    (fp_text value LED (at 1.27 2.96) (layer F.Fab)
      (effects (font (size 1 1) (thickness 0.15)))
    )
    (fp_circle (center 1.27 0) (end 2.77 0) (layer F.Fab) (width 0.1))
    (fp_line (start -0.23 -1.16619) (end -0.23 1.16619) (layer F.Fab) (width 0.1))
    (fp_line (start -0.29 -1.236) (end -0.29 -1.08) (layer F.SilkS) (width 0.12))
    (fp_line (start -0.29 1.08) (end -0.29 1.236) (layer F.SilkS) (width 0.12))
    (fp_line (start -1.15 -2.25) (end -1.15 2.25) (layer F.CrtYd) (width 0.05))
    (fp_line (start -1.15 2.25) (end 3.7 2.25) (layer F.CrtYd) (width 0.05))
    (fp_line (start 3.7 2.25) (end 3.7 -2.25) (layer F.CrtYd) (width 0.05))
    (fp_line (start 3.7 -2.25) (end -1.15 -2.25) (layer F.CrtYd) (width 0.05))
    (fp_arc (start 1.27 0) (end -0.23 -1.16619) (angle 284.3) (layer F.Fab) (width 0.1))
    (fp_arc (start 1.27 0) (end -0.29 -1.235516) (angle 108.8) (layer F.SilkS) (width 0.12))
    (fp_arc (start 1.27 0) (end -0.29 1.235516) (angle -108.8) (layer F.SilkS) (width 0.12))
    (fp_arc (start 1.27 0) (end 0.229039 -1.08) (angle 87.9) (layer F.SilkS) (width 0.12))
    (fp_arc (start 1.27 0) (end 0.229039 1.08) (angle -87.9) (layer F.SilkS) (width 0.12))
    (pad 1 thru_hole rect (at 0 0) (size 1.8 1.8) (drill 0.9) (layers *.Cu *.Mask)
      (net 5 DP))
    (pad 2 thru_hole circle (at 2.54 0) (size 1.8 1.8) (drill 0.9) (layers *.Cu *.Mask)
      (net 2 D_8))
    (model ${KISYS3DMOD}/LED_THT.3dshapes/LED_D3.0mm.wrl
      (at (xyz 0 0 0))
      (scale (xyz 1 1 1))
      (rotate (xyz 0 0 0))
    )
  )

  (module LED_THT:LED_D3.0mm (layer F.Cu) (tedit 587A3A7B) (tstamp 606B3EF8)
    (at 202.65 90.7)
    (descr "LED, diameter 3.0mm, 2 pins")
    (tags "LED diameter 3.0mm 2 pins")
    (path /5FB4C3FE/5FAF841D)
    (fp_text reference D5 (at 1.27 -2.96) (layer F.SilkS)
      (effects (font (size 1 1) (thickness 0.15)))
    )
    (fp_text value LED (at 1.27 2.96) (layer F.Fab)
      (effects (font (size 1 1) (thickness 0.15)))
    )
    (fp_line (start 3.7 -2.25) (end -1.15 -2.25) (layer F.CrtYd) (width 0.05))
    (fp_line (start 3.7 2.25) (end 3.7 -2.25) (layer F.CrtYd) (width 0.05))
    (fp_line (start -1.15 2.25) (end 3.7 2.25) (layer F.CrtYd) (width 0.05))
    (fp_line (start -1.15 -2.25) (end -1.15 2.25) (layer F.CrtYd) (width 0.05))
    (fp_line (start -0.29 1.08) (end -0.29 1.236) (layer F.SilkS) (width 0.12))
    (fp_line (start -0.29 -1.236) (end -0.29 -1.08) (layer F.SilkS) (width 0.12))
    (fp_line (start -0.23 -1.16619) (end -0.23 1.16619) (layer F.Fab) (width 0.1))
    (fp_circle (center 1.27 0) (end 2.77 0) (layer F.Fab) (width 0.1))
    (fp_arc (start 1.27 0) (end 0.229039 1.08) (angle -87.9) (layer F.SilkS) (width 0.12))
    (fp_arc (start 1.27 0) (end 0.229039 -1.08) (angle 87.9) (layer F.SilkS) (width 0.12))
    (fp_arc (start 1.27 0) (end -0.29 1.235516) (angle -108.8) (layer F.SilkS) (width 0.12))
    (fp_arc (start 1.27 0) (end -0.29 -1.235516) (angle 108.8) (layer F.SilkS) (width 0.12))
    (fp_arc (start 1.27 0) (end -0.23 -1.16619) (angle 284.3) (layer F.Fab) (width 0.1))
    (pad 2 thru_hole circle (at 2.54 0) (size 1.8 1.8) (drill 0.9) (layers *.Cu *.Mask)
      (net 2 D_8))
    (pad 1 thru_hole rect (at 0 0) (size 1.8 1.8) (drill 0.9) (layers *.Cu *.Mask)
      (net 6 A))
    (model ${KISYS3DMOD}/LED_THT.3dshapes/LED_D3.0mm.wrl
      (at (xyz 0 0 0))
      (scale (xyz 1 1 1))
      (rotate (xyz 0 0 0))
    )
  )

  (module LED_THT:LED_D3.0mm (layer F.Cu) (tedit 587A3A7B) (tstamp 606B3F0B)
    (at 208.95 90.7)
    (descr "LED, diameter 3.0mm, 2 pins")
    (tags "LED diameter 3.0mm 2 pins")
    (path /5FB4C3FE/5FAFC938)
    (fp_text reference D6 (at 1.27 -2.96) (layer F.SilkS)
      (effects (font (size 1 1) (thickness 0.15)))
    )
    (fp_text value LED (at 1.27 2.96) (layer F.Fab)
      (effects (font (size 1 1) (thickness 0.15)))
    )
    (fp_line (start 3.7 -2.25) (end -1.15 -2.25) (layer F.CrtYd) (width 0.05))
    (fp_line (start 3.7 2.25) (end 3.7 -2.25) (layer F.CrtYd) (width 0.05))
    (fp_line (start -1.15 2.25) (end 3.7 2.25) (layer F.CrtYd) (width 0.05))
    (fp_line (start -1.15 -2.25) (end -1.15 2.25) (layer F.CrtYd) (width 0.05))
    (fp_line (start -0.29 1.08) (end -0.29 1.236) (layer F.SilkS) (width 0.12))
    (fp_line (start -0.29 -1.236) (end -0.29 -1.08) (layer F.SilkS) (width 0.12))
    (fp_line (start -0.23 -1.16619) (end -0.23 1.16619) (layer F.Fab) (width 0.1))
    (fp_circle (center 1.27 0) (end 2.77 0) (layer F.Fab) (width 0.1))
    (fp_arc (start 1.27 0) (end 0.229039 1.08) (angle -87.9) (layer F.SilkS) (width 0.12))
    (fp_arc (start 1.27 0) (end 0.229039 -1.08) (angle 87.9) (layer F.SilkS) (width 0.12))
    (fp_arc (start 1.27 0) (end -0.29 1.235516) (angle -108.8) (layer F.SilkS) (width 0.12))
    (fp_arc (start 1.27 0) (end -0.29 -1.235516) (angle 108.8) (layer F.SilkS) (width 0.12))
    (fp_arc (start 1.27 0) (end -0.23 -1.16619) (angle 284.3) (layer F.Fab) (width 0.1))
    (pad 2 thru_hole circle (at 2.54 0) (size 1.8 1.8) (drill 0.9) (layers *.Cu *.Mask)
      (net 2 D_8))
    (pad 1 thru_hole rect (at 0 0) (size 1.8 1.8) (drill 0.9) (layers *.Cu *.Mask)
      (net 7 B))
    (model ${KISYS3DMOD}/LED_THT.3dshapes/LED_D3.0mm.wrl
      (at (xyz 0 0 0))
      (scale (xyz 1 1 1))
      (rotate (xyz 0 0 0))
    )
  )

  (module LED_THT:LED_D3.0mm (layer F.Cu) (tedit 587A3A7B) (tstamp 606B3F1E)
    (at 215.75 90.7)
    (descr "LED, diameter 3.0mm, 2 pins")
    (tags "LED diameter 3.0mm 2 pins")
    (path /5FB4C3FE/5FAFCD00)
    (fp_text reference D7 (at 1.27 -2.96) (layer F.SilkS)
      (effects (font (size 1 1) (thickness 0.15)))
    )
    (fp_text value LED (at 1.27 2.96) (layer F.Fab)
      (effects (font (size 1 1) (thickness 0.15)))
    )
    (fp_circle (center 1.27 0) (end 2.77 0) (layer F.Fab) (width 0.1))
    (fp_line (start -0.23 -1.16619) (end -0.23 1.16619) (layer F.Fab) (width 0.1))
    (fp_line (start -0.29 -1.236) (end -0.29 -1.08) (layer F.SilkS) (width 0.12))
    (fp_line (start -0.29 1.08) (end -0.29 1.236) (layer F.SilkS) (width 0.12))
    (fp_line (start -1.15 -2.25) (end -1.15 2.25) (layer F.CrtYd) (width 0.05))
    (fp_line (start -1.15 2.25) (end 3.7 2.25) (layer F.CrtYd) (width 0.05))
    (fp_line (start 3.7 2.25) (end 3.7 -2.25) (layer F.CrtYd) (width 0.05))
    (fp_line (start 3.7 -2.25) (end -1.15 -2.25) (layer F.CrtYd) (width 0.05))
    (fp_arc (start 1.27 0) (end -0.23 -1.16619) (angle 284.3) (layer F.Fab) (width 0.1))
    (fp_arc (start 1.27 0) (end -0.29 -1.235516) (angle 108.8) (layer F.SilkS) (width 0.12))
    (fp_arc (start 1.27 0) (end -0.29 1.235516) (angle -108.8) (layer F.SilkS) (width 0.12))
    (fp_arc (start 1.27 0) (end 0.229039 -1.08) (angle 87.9) (layer F.SilkS) (width 0.12))
    (fp_arc (start 1.27 0) (end 0.229039 1.08) (angle -87.9) (layer F.SilkS) (width 0.12))
    (pad 1 thru_hole rect (at 0 0) (size 1.8 1.8) (drill 0.9) (layers *.Cu *.Mask)
      (net 8 C))
    (pad 2 thru_hole circle (at 2.54 0) (size 1.8 1.8) (drill 0.9) (layers *.Cu *.Mask)
      (net 2 D_8))
    (model ${KISYS3DMOD}/LED_THT.3dshapes/LED_D3.0mm.wrl
      (at (xyz 0 0 0))
      (scale (xyz 1 1 1))
      (rotate (xyz 0 0 0))
    )
  )

  (module LED_THT:LED_D3.0mm (layer F.Cu) (tedit 587A3A7B) (tstamp 606B3F31)
    (at 222.4 90.75)
    (descr "LED, diameter 3.0mm, 2 pins")
    (tags "LED diameter 3.0mm 2 pins")
    (path /5FB4C3FE/5FAFD0BD)
    (fp_text reference D8 (at 1.27 -2.96) (layer F.SilkS)
      (effects (font (size 1 1) (thickness 0.15)))
    )
    (fp_text value LED (at 1.27 2.96) (layer F.Fab)
      (effects (font (size 1 1) (thickness 0.15)))
    )
    (fp_line (start 3.7 -2.25) (end -1.15 -2.25) (layer F.CrtYd) (width 0.05))
    (fp_line (start 3.7 2.25) (end 3.7 -2.25) (layer F.CrtYd) (width 0.05))
    (fp_line (start -1.15 2.25) (end 3.7 2.25) (layer F.CrtYd) (width 0.05))
    (fp_line (start -1.15 -2.25) (end -1.15 2.25) (layer F.CrtYd) (width 0.05))
    (fp_line (start -0.29 1.08) (end -0.29 1.236) (layer F.SilkS) (width 0.12))
    (fp_line (start -0.29 -1.236) (end -0.29 -1.08) (layer F.SilkS) (width 0.12))
    (fp_line (start -0.23 -1.16619) (end -0.23 1.16619) (layer F.Fab) (width 0.1))
    (fp_circle (center 1.27 0) (end 2.77 0) (layer F.Fab) (width 0.1))
    (fp_arc (start 1.27 0) (end 0.229039 1.08) (angle -87.9) (layer F.SilkS) (width 0.12))
    (fp_arc (start 1.27 0) (end 0.229039 -1.08) (angle 87.9) (layer F.SilkS) (width 0.12))
    (fp_arc (start 1.27 0) (end -0.29 1.235516) (angle -108.8) (layer F.SilkS) (width 0.12))
    (fp_arc (start 1.27 0) (end -0.29 -1.235516) (angle 108.8) (layer F.SilkS) (width 0.12))
    (fp_arc (start 1.27 0) (end -0.23 -1.16619) (angle 284.3) (layer F.Fab) (width 0.1))
    (pad 2 thru_hole circle (at 2.54 0) (size 1.8 1.8) (drill 0.9) (layers *.Cu *.Mask)
      (net 2 D_8))
    (pad 1 thru_hole rect (at 0 0) (size 1.8 1.8) (drill 0.9) (layers *.Cu *.Mask)
      (net 9 D))
    (model ${KISYS3DMOD}/LED_THT.3dshapes/LED_D3.0mm.wrl
      (at (xyz 0 0 0))
      (scale (xyz 1 1 1))
      (rotate (xyz 0 0 0))
    )
  )

  (module Connector_PinHeader_2.54mm:PinHeader_2x10_P2.54mm_Vertical (layer F.Cu) (tedit 59FED5CC) (tstamp 606B3F7B)
    (at 185.7 60.1 90)
    (descr "Through hole straight pin header, 2x10, 2.54mm pitch, double rows")
    (tags "Through hole pin header THT 2x10 2.54mm double row")
    (path /5FC37B24/6068829A)
    (fp_text reference J1 (at 1.27 -2.33 90) (layer F.SilkS)
      (effects (font (size 1 1) (thickness 0.15)))
    )
    (fp_text value "MCU interface" (at 1.27 25.19 90) (layer F.Fab)
      (effects (font (size 1 1) (thickness 0.15)))
    )
    (fp_line (start 0 -1.27) (end 3.81 -1.27) (layer F.Fab) (width 0.1))
    (fp_line (start 3.81 -1.27) (end 3.81 24.13) (layer F.Fab) (width 0.1))
    (fp_line (start 3.81 24.13) (end -1.27 24.13) (layer F.Fab) (width 0.1))
    (fp_line (start -1.27 24.13) (end -1.27 0) (layer F.Fab) (width 0.1))
    (fp_line (start -1.27 0) (end 0 -1.27) (layer F.Fab) (width 0.1))
    (fp_line (start -1.33 24.19) (end 3.87 24.19) (layer F.SilkS) (width 0.12))
    (fp_line (start -1.33 1.27) (end -1.33 24.19) (layer F.SilkS) (width 0.12))
    (fp_line (start 3.87 -1.33) (end 3.87 24.19) (layer F.SilkS) (width 0.12))
    (fp_line (start -1.33 1.27) (end 1.27 1.27) (layer F.SilkS) (width 0.12))
    (fp_line (start 1.27 1.27) (end 1.27 -1.33) (layer F.SilkS) (width 0.12))
    (fp_line (start 1.27 -1.33) (end 3.87 -1.33) (layer F.SilkS) (width 0.12))
    (fp_line (start -1.33 0) (end -1.33 -1.33) (layer F.SilkS) (width 0.12))
    (fp_line (start -1.33 -1.33) (end 0 -1.33) (layer F.SilkS) (width 0.12))
    (fp_line (start -1.8 -1.8) (end -1.8 24.65) (layer F.CrtYd) (width 0.05))
    (fp_line (start -1.8 24.65) (end 4.35 24.65) (layer F.CrtYd) (width 0.05))
    (fp_line (start 4.35 24.65) (end 4.35 -1.8) (layer F.CrtYd) (width 0.05))
    (fp_line (start 4.35 -1.8) (end -1.8 -1.8) (layer F.CrtYd) (width 0.05))
    (fp_text user %R (at 1.27 11.43) (layer F.Fab)
      (effects (font (size 1 1) (thickness 0.15)))
    )
    (pad 1 thru_hole rect (at 0 0 90) (size 1.7 1.7) (drill 1) (layers *.Cu *.Mask)
      (net 11 +5V))
    (pad 2 thru_hole oval (at 2.54 0 90) (size 1.7 1.7) (drill 1) (layers *.Cu *.Mask)
      (net 11 +5V))
    (pad 3 thru_hole oval (at 0 2.54 90) (size 1.7 1.7) (drill 1) (layers *.Cu *.Mask)
      (net 12 D0))
    (pad 4 thru_hole oval (at 2.54 2.54 90) (size 1.7 1.7) (drill 1) (layers *.Cu *.Mask)
      (net 13 D1))
    (pad 5 thru_hole oval (at 0 5.08 90) (size 1.7 1.7) (drill 1) (layers *.Cu *.Mask)
      (net 14 D2))
    (pad 6 thru_hole oval (at 2.54 5.08 90) (size 1.7 1.7) (drill 1) (layers *.Cu *.Mask)
      (net 15 D3))
    (pad 7 thru_hole oval (at 0 7.62 90) (size 1.7 1.7) (drill 1) (layers *.Cu *.Mask)
      (net 16 D4))
    (pad 8 thru_hole oval (at 2.54 7.62 90) (size 1.7 1.7) (drill 1) (layers *.Cu *.Mask)
      (net 17 D5))
    (pad 9 thru_hole oval (at 0 10.16 90) (size 1.7 1.7) (drill 1) (layers *.Cu *.Mask)
      (net 18 D6))
    (pad 10 thru_hole oval (at 2.54 10.16 90) (size 1.7 1.7) (drill 1) (layers *.Cu *.Mask)
      (net 19 D7))
    (pad 11 thru_hole oval (at 0 12.7 90) (size 1.7 1.7) (drill 1) (layers *.Cu *.Mask)
      (net 20 C1))
    (pad 12 thru_hole oval (at 2.54 12.7 90) (size 1.7 1.7) (drill 1) (layers *.Cu *.Mask)
      (net 21 C2))
    (pad 13 thru_hole oval (at 0 15.24 90) (size 1.7 1.7) (drill 1) (layers *.Cu *.Mask)
      (net 22 C3))
    (pad 14 thru_hole oval (at 2.54 15.24 90) (size 1.7 1.7) (drill 1) (layers *.Cu *.Mask)
      (net 23 "Net-(J1-Pad14)"))
    (pad 15 thru_hole oval (at 0 17.78 90) (size 1.7 1.7) (drill 1) (layers *.Cu *.Mask)
      (net 24 KEY_ROW1))
    (pad 16 thru_hole oval (at 2.54 17.78 90) (size 1.7 1.7) (drill 1) (layers *.Cu *.Mask)
      (net 25 KEY_ROW2))
    (pad 17 thru_hole oval (at 0 20.32 90) (size 1.7 1.7) (drill 1) (layers *.Cu *.Mask)
      (net 26 KEY_COL1))
    (pad 18 thru_hole oval (at 2.54 20.32 90) (size 1.7 1.7) (drill 1) (layers *.Cu *.Mask)
      (net 27 KEY_COL2))
    (pad 19 thru_hole oval (at 0 22.86 90) (size 1.7 1.7) (drill 1) (layers *.Cu *.Mask)
      (net 10 GND))
    (pad 20 thru_hole oval (at 2.54 22.86 90) (size 1.7 1.7) (drill 1) (layers *.Cu *.Mask)
      (net 10 GND))
    (model ${KISYS3DMOD}/Connector_PinHeader_2.54mm.3dshapes/PinHeader_2x10_P2.54mm_Vertical.wrl
      (at (xyz 0 0 0))
      (scale (xyz 1 1 1))
      (rotate (xyz 0 0 0))
    )
  )

  (module Package_TO_SOT_SMD:SOT-23_Handsoldering (layer B.Cu) (tedit 5A0AB76C) (tstamp 606B3F90)
    (at 166.25 87.5 270)
    (descr "SOT-23, Handsoldering")
    (tags SOT-23)
    (path /5FC37B24/5FAF9A47)
    (attr smd)
    (fp_text reference Q1 (at 0 2.5 90) (layer B.SilkS)
      (effects (font (size 1 1) (thickness 0.15)) (justify mirror))
    )
    (fp_text value FDV304P (at 0 -2.5 90) (layer B.Fab)
      (effects (font (size 1 1) (thickness 0.15)) (justify mirror))
    )
    (fp_line (start 0.76 -1.58) (end 0.76 -0.65) (layer B.SilkS) (width 0.12))
    (fp_line (start 0.76 1.58) (end 0.76 0.65) (layer B.SilkS) (width 0.12))
    (fp_line (start -2.7 1.75) (end 2.7 1.75) (layer B.CrtYd) (width 0.05))
    (fp_line (start 2.7 1.75) (end 2.7 -1.75) (layer B.CrtYd) (width 0.05))
    (fp_line (start 2.7 -1.75) (end -2.7 -1.75) (layer B.CrtYd) (width 0.05))
    (fp_line (start -2.7 -1.75) (end -2.7 1.75) (layer B.CrtYd) (width 0.05))
    (fp_line (start 0.76 1.58) (end -2.4 1.58) (layer B.SilkS) (width 0.12))
    (fp_line (start -0.7 0.95) (end -0.7 -1.5) (layer B.Fab) (width 0.1))
    (fp_line (start -0.15 1.52) (end 0.7 1.52) (layer B.Fab) (width 0.1))
    (fp_line (start -0.7 0.95) (end -0.15 1.52) (layer B.Fab) (width 0.1))
    (fp_line (start 0.7 1.52) (end 0.7 -1.52) (layer B.Fab) (width 0.1))
    (fp_line (start -0.7 -1.52) (end 0.7 -1.52) (layer B.Fab) (width 0.1))
    (fp_line (start 0.76 -1.58) (end -0.7 -1.58) (layer B.SilkS) (width 0.12))
    (fp_text user %R (at 0 0 180) (layer B.Fab)
      (effects (font (size 0.5 0.5) (thickness 0.075)) (justify mirror))
    )
    (pad 1 smd rect (at -1.5 0.95 270) (size 1.9 0.8) (layers B.Cu B.Paste B.Mask)
      (net 28 D_C_1))
    (pad 2 smd rect (at -1.5 -0.95 270) (size 1.9 0.8) (layers B.Cu B.Paste B.Mask)
      (net 11 +5V))
    (pad 3 smd rect (at 1.5 0 270) (size 1.9 0.8) (layers B.Cu B.Paste B.Mask)
      (net 29 D_1))
    (model ${KISYS3DMOD}/Package_TO_SOT_SMD.3dshapes/SOT-23.wrl
      (at (xyz 0 0 0))
      (scale (xyz 1 1 1))
      (rotate (xyz 0 0 0))
    )
  )

  (module Package_TO_SOT_SMD:SOT-23_Handsoldering (layer B.Cu) (tedit 5A0AB76C) (tstamp 606B3FA5)
    (at 237.1 83.25 270)
    (descr "SOT-23, Handsoldering")
    (tags SOT-23)
    (path /5FC37B24/5FDAF306)
    (attr smd)
    (fp_text reference Q2 (at 0 2.5 90) (layer B.SilkS)
      (effects (font (size 1 1) (thickness 0.15)) (justify mirror))
    )
    (fp_text value FDV304P (at 0 -2.5 90) (layer B.Fab)
      (effects (font (size 1 1) (thickness 0.15)) (justify mirror))
    )
    (fp_line (start 0.76 -1.58) (end 0.76 -0.65) (layer B.SilkS) (width 0.12))
    (fp_line (start 0.76 1.58) (end 0.76 0.65) (layer B.SilkS) (width 0.12))
    (fp_line (start -2.7 1.75) (end 2.7 1.75) (layer B.CrtYd) (width 0.05))
    (fp_line (start 2.7 1.75) (end 2.7 -1.75) (layer B.CrtYd) (width 0.05))
    (fp_line (start 2.7 -1.75) (end -2.7 -1.75) (layer B.CrtYd) (width 0.05))
    (fp_line (start -2.7 -1.75) (end -2.7 1.75) (layer B.CrtYd) (width 0.05))
    (fp_line (start 0.76 1.58) (end -2.4 1.58) (layer B.SilkS) (width 0.12))
    (fp_line (start -0.7 0.95) (end -0.7 -1.5) (layer B.Fab) (width 0.1))
    (fp_line (start -0.15 1.52) (end 0.7 1.52) (layer B.Fab) (width 0.1))
    (fp_line (start -0.7 0.95) (end -0.15 1.52) (layer B.Fab) (width 0.1))
    (fp_line (start 0.7 1.52) (end 0.7 -1.52) (layer B.Fab) (width 0.1))
    (fp_line (start -0.7 -1.52) (end 0.7 -1.52) (layer B.Fab) (width 0.1))
    (fp_line (start 0.76 -1.58) (end -0.7 -1.58) (layer B.SilkS) (width 0.12))
    (fp_text user %R (at 0 0 180) (layer B.Fab)
      (effects (font (size 0.5 0.5) (thickness 0.075)) (justify mirror))
    )
    (pad 1 smd rect (at -1.5 0.95 270) (size 1.9 0.8) (layers B.Cu B.Paste B.Mask)
      (net 30 D_C_3))
    (pad 2 smd rect (at -1.5 -0.95 270) (size 1.9 0.8) (layers B.Cu B.Paste B.Mask)
      (net 11 +5V))
    (pad 3 smd rect (at 1.5 0 270) (size 1.9 0.8) (layers B.Cu B.Paste B.Mask)
      (net 31 D_3))
    (model ${KISYS3DMOD}/Package_TO_SOT_SMD.3dshapes/SOT-23.wrl
      (at (xyz 0 0 0))
      (scale (xyz 1 1 1))
      (rotate (xyz 0 0 0))
    )
  )

  (module Package_TO_SOT_SMD:SOT-23_Handsoldering (layer B.Cu) (tedit 5A0AB76C) (tstamp 60842A6A)
    (at 159.4 87.1 270)
    (descr "SOT-23, Handsoldering")
    (tags SOT-23)
    (path /5FC37B24/5FDA9743)
    (attr smd)
    (fp_text reference Q5 (at 0 2.5 90) (layer B.SilkS)
      (effects (font (size 1 1) (thickness 0.15)) (justify mirror))
    )
    (fp_text value FDV304P (at 0 -2.5 90) (layer B.Fab)
      (effects (font (size 1 1) (thickness 0.15)) (justify mirror))
    )
    (fp_line (start 0.76 -1.58) (end -0.7 -1.58) (layer B.SilkS) (width 0.12))
    (fp_line (start -0.7 -1.52) (end 0.7 -1.52) (layer B.Fab) (width 0.1))
    (fp_line (start 0.7 1.52) (end 0.7 -1.52) (layer B.Fab) (width 0.1))
    (fp_line (start -0.7 0.95) (end -0.15 1.52) (layer B.Fab) (width 0.1))
    (fp_line (start -0.15 1.52) (end 0.7 1.52) (layer B.Fab) (width 0.1))
    (fp_line (start -0.7 0.95) (end -0.7 -1.5) (layer B.Fab) (width 0.1))
    (fp_line (start 0.76 1.58) (end -2.4 1.58) (layer B.SilkS) (width 0.12))
    (fp_line (start -2.7 -1.75) (end -2.7 1.75) (layer B.CrtYd) (width 0.05))
    (fp_line (start 2.7 -1.75) (end -2.7 -1.75) (layer B.CrtYd) (width 0.05))
    (fp_line (start 2.7 1.75) (end 2.7 -1.75) (layer B.CrtYd) (width 0.05))
    (fp_line (start -2.7 1.75) (end 2.7 1.75) (layer B.CrtYd) (width 0.05))
    (fp_line (start 0.76 1.58) (end 0.76 0.65) (layer B.SilkS) (width 0.12))
    (fp_line (start 0.76 -1.58) (end 0.76 -0.65) (layer B.SilkS) (width 0.12))
    (fp_text user %R (at 0 0 180) (layer B.Fab)
      (effects (font (size 0.5 0.5) (thickness 0.075)) (justify mirror))
    )
    (pad 3 smd rect (at 1.5 0 270) (size 1.9 0.8) (layers B.Cu B.Paste B.Mask)
      (net 35 D_2))
    (pad 2 smd rect (at -1.5 -0.95 270) (size 1.9 0.8) (layers B.Cu B.Paste B.Mask)
      (net 11 +5V))
    (pad 1 smd rect (at -1.5 0.95 270) (size 1.9 0.8) (layers B.Cu B.Paste B.Mask)
      (net 36 D_C_2))
    (model ${KISYS3DMOD}/Package_TO_SOT_SMD.3dshapes/SOT-23.wrl
      (at (xyz 0 0 0))
      (scale (xyz 1 1 1))
      (rotate (xyz 0 0 0))
    )
  )

  (module Package_TO_SOT_SMD:SOT-23_Handsoldering (layer B.Cu) (tedit 5A0AB76C) (tstamp 606B3FF9)
    (at 231.95 83.25 270)
    (descr "SOT-23, Handsoldering")
    (tags SOT-23)
    (path /5FC37B24/5FDAF320)
    (attr smd)
    (fp_text reference Q6 (at 0 2.5 90) (layer B.SilkS)
      (effects (font (size 1 1) (thickness 0.15)) (justify mirror))
    )
    (fp_text value FDV304P (at 0 -2.5 90) (layer B.Fab)
      (effects (font (size 1 1) (thickness 0.15)) (justify mirror))
    )
    (fp_line (start 0.76 -1.58) (end -0.7 -1.58) (layer B.SilkS) (width 0.12))
    (fp_line (start -0.7 -1.52) (end 0.7 -1.52) (layer B.Fab) (width 0.1))
    (fp_line (start 0.7 1.52) (end 0.7 -1.52) (layer B.Fab) (width 0.1))
    (fp_line (start -0.7 0.95) (end -0.15 1.52) (layer B.Fab) (width 0.1))
    (fp_line (start -0.15 1.52) (end 0.7 1.52) (layer B.Fab) (width 0.1))
    (fp_line (start -0.7 0.95) (end -0.7 -1.5) (layer B.Fab) (width 0.1))
    (fp_line (start 0.76 1.58) (end -2.4 1.58) (layer B.SilkS) (width 0.12))
    (fp_line (start -2.7 -1.75) (end -2.7 1.75) (layer B.CrtYd) (width 0.05))
    (fp_line (start 2.7 -1.75) (end -2.7 -1.75) (layer B.CrtYd) (width 0.05))
    (fp_line (start 2.7 1.75) (end 2.7 -1.75) (layer B.CrtYd) (width 0.05))
    (fp_line (start -2.7 1.75) (end 2.7 1.75) (layer B.CrtYd) (width 0.05))
    (fp_line (start 0.76 1.58) (end 0.76 0.65) (layer B.SilkS) (width 0.12))
    (fp_line (start 0.76 -1.58) (end 0.76 -0.65) (layer B.SilkS) (width 0.12))
    (fp_text user %R (at 0 0 180) (layer B.Fab)
      (effects (font (size 0.5 0.5) (thickness 0.075)) (justify mirror))
    )
    (pad 3 smd rect (at 1.5 0 270) (size 1.9 0.8) (layers B.Cu B.Paste B.Mask)
      (net 37 D_4))
    (pad 2 smd rect (at -1.5 -0.95 270) (size 1.9 0.8) (layers B.Cu B.Paste B.Mask)
      (net 11 +5V))
    (pad 1 smd rect (at -1.5 0.95 270) (size 1.9 0.8) (layers B.Cu B.Paste B.Mask)
      (net 38 D_C_4))
    (model ${KISYS3DMOD}/Package_TO_SOT_SMD.3dshapes/SOT-23.wrl
      (at (xyz 0 0 0))
      (scale (xyz 1 1 1))
      (rotate (xyz 0 0 0))
    )
  )

  (module Package_TO_SOT_SMD:SOT-23_Handsoldering (layer B.Cu) (tedit 5A0AB76C) (tstamp 606B4023)
    (at 230.2 90.5 270)
    (descr "SOT-23, Handsoldering")
    (tags SOT-23)
    (path /5FC37B24/5FDB8021)
    (attr smd)
    (fp_text reference Q8 (at 0 2.5 90) (layer B.SilkS)
      (effects (font (size 1 1) (thickness 0.15)) (justify mirror))
    )
    (fp_text value FDV304P (at 0 -2.5 90) (layer B.Fab)
      (effects (font (size 1 1) (thickness 0.15)) (justify mirror))
    )
    (fp_line (start 0.76 -1.58) (end -0.7 -1.58) (layer B.SilkS) (width 0.12))
    (fp_line (start -0.7 -1.52) (end 0.7 -1.52) (layer B.Fab) (width 0.1))
    (fp_line (start 0.7 1.52) (end 0.7 -1.52) (layer B.Fab) (width 0.1))
    (fp_line (start -0.7 0.95) (end -0.15 1.52) (layer B.Fab) (width 0.1))
    (fp_line (start -0.15 1.52) (end 0.7 1.52) (layer B.Fab) (width 0.1))
    (fp_line (start -0.7 0.95) (end -0.7 -1.5) (layer B.Fab) (width 0.1))
    (fp_line (start 0.76 1.58) (end -2.4 1.58) (layer B.SilkS) (width 0.12))
    (fp_line (start -2.7 -1.75) (end -2.7 1.75) (layer B.CrtYd) (width 0.05))
    (fp_line (start 2.7 -1.75) (end -2.7 -1.75) (layer B.CrtYd) (width 0.05))
    (fp_line (start 2.7 1.75) (end 2.7 -1.75) (layer B.CrtYd) (width 0.05))
    (fp_line (start -2.7 1.75) (end 2.7 1.75) (layer B.CrtYd) (width 0.05))
    (fp_line (start 0.76 1.58) (end 0.76 0.65) (layer B.SilkS) (width 0.12))
    (fp_line (start 0.76 -1.58) (end 0.76 -0.65) (layer B.SilkS) (width 0.12))
    (fp_text user %R (at 0 0 180) (layer B.Fab)
      (effects (font (size 0.5 0.5) (thickness 0.075)) (justify mirror))
    )
    (pad 3 smd rect (at 1.5 0 270) (size 1.9 0.8) (layers B.Cu B.Paste B.Mask)
      (net 2 D_8))
    (pad 2 smd rect (at -1.5 -0.95 270) (size 1.9 0.8) (layers B.Cu B.Paste B.Mask)
      (net 11 +5V))
