(kicad_pcb (version 20171130) (host pcbnew "(5.1.8)-1")

  (general
    (thickness 1.6)
    (drawings 11)
    (tracks 0)
    (zones 0)
    (modules 69)
    (nets 61)
  )

  (page A4)
  (layers
    (0 F.Cu signal)
    (31 B.Cu signal)
    (32 B.Adhes user)
    (33 F.Adhes user)
    (34 B.Paste user)
    (35 F.Paste user)
    (36 B.SilkS user)
    (37 F.SilkS user)
    (38 B.Mask user)
    (39 F.Mask user)
    (40 Dwgs.User user)
    (41 Cmts.User user)
    (42 Eco1.User user)
    (43 Eco2.User user)
    (44 Edge.Cuts user)
    (45 Margin user)
    (46 B.CrtYd user)
    (47 F.CrtYd user)
    (48 B.Fab user)
    (49 F.Fab user)
  )

  (setup
    (last_trace_width 0.25)
    (trace_clearance 0.2)
    (zone_clearance 0.508)
    (zone_45_only no)
    (trace_min 0.2)
    (via_size 0.8)
    (via_drill 0.4)
    (via_min_size 0.4)
    (via_min_drill 0.3)
    (uvia_size 0.3)
    (uvia_drill 0.1)
    (uvias_allowed no)
    (uvia_min_size 0.2)
    (uvia_min_drill 0.1)
    (edge_width 0.05)
    (segment_width 0.2)
    (pcb_text_width 0.3)
    (pcb_text_size 1.5 1.5)
    (mod_edge_width 0.12)
    (mod_text_size 1 1)
    (mod_text_width 0.15)
    (pad_size 1.524 1.524)
    (pad_drill 0.762)
    (pad_to_mask_clearance 0)
    (aux_axis_origin 0 0)
    (visible_elements 7FFFF7FF)
    (pcbplotparams
      (layerselection 0x010fc_ffffffff)
      (usegerberextensions false)
      (usegerberattributes true)
      (usegerberadvancedattributes true)
      (creategerberjobfile true)
      (excludeedgelayer true)
      (linewidth 0.100000)
      (plotframeref false)
      (viasonmask false)
      (mode 1)
      (useauxorigin false)
      (hpglpennumber 1)
      (hpglpenspeed 20)
      (hpglpendiameter 15.000000)
      (psnegative false)
      (psa4output false)
      (plotreference true)
      (plotvalue true)
      (plotinvisibletext false)
      (padsonsilk false)
      (subtractmaskfromsilk false)
      (outputformat 1)
      (mirror false)
      (drillshape 1)
      (scaleselection 1)
      (outputdirectory ""))
  )

  (net 0 "")
  (net 1 GND)
  (net 2 +12V)
  (net 3 +5V)
  (net 4 "Net-(C4-Pad1)")
  (net 5 +3V3)
  (net 6 "Net-(C7-Pad1)")
  (net 7 "Net-(C9-Pad1)")
  (net 8 "Net-(C9-Pad2)")
  (net 9 "Net-(C11-Pad2)")
  (net 10 "Net-(C12-Pad2)")
  (net 11 "Net-(C13-Pad1)")
  (net 12 "Net-(C13-Pad2)")
  (net 13 RESET)
  (net 14 PA08)
  (net 15 PA06)
  (net 16 PA05)
  (net 17 PA04)
  (net 18 PA03)
  (net 19 "Net-(J5-Pad1)")
  (net 20 PA31)
  (net 21 PA30)
  (net 22 "Net-(J6-Pad6)")
  (net 23 "Net-(J6-Pad7)")
  (net 24 "Net-(J6-Pad8)")
  (net 25 PA18)
  (net 26 PA17)
  (net 27 PA16)
  (net 28 PA14)
  (net 29 PA09)
  (net 30 PA00)
  (net 31 PA01)
  (net 32 PA02)
  (net 33 PA07)
  (net 34 PA25)
  (net 35 PA27)
  (net 36 PA28)
  (net 37 PA10)
  (net 38 PA11)
  (net 39 PA15)
  (net 40 PA22)
  (net 41 PA23)
  (net 42 "Net-(J12-Pad4)")
  (net 43 "Net-(J12-Pad5)")
  (net 44 "Net-(J12-Pad6)")
  (net 45 "Net-(J12-Pad7)")
  (net 46 "Net-(J12-Pad8)")
  (net 47 "Net-(J12-Pad9)")
  (net 48 "Net-(J13-Pad3)")
  (net 49 "Net-(J13-Pad5)")
  (net 50 "Net-(J13-Pad6)")
  (net 51 "Net-(J14-Pad6)")
  (net 52 PA19)
  (net 53 "Net-(J14-Pad4)")
  (net 54 "Net-(R7-Pad2)")
  (net 55 PA24)
  (net 56 "Net-(R25-Pad2)")
  (net 57 SDA)
  (net 58 SCL)
  (net 59 "Net-(U3-Pad33)")
  (net 60 "Net-(BAT1-PadPos)")

  (net_class Default "This is the default net class."
    (clearance 0.2)
    (trace_width 0.25)
    (via_dia 0.8)
    (via_drill 0.4)
    (uvia_dia 0.3)
    (uvia_drill 0.1)
    (add_net +12V)
    (add_net +3V3)
    (add_net +5V)
    (add_net GND)
    (add_net "Net-(BAT1-PadPos)")
    (add_net "Net-(C11-Pad2)")
    (add_net "Net-(C12-Pad2)")
    (add_net "Net-(C13-Pad1)")
    (add_net "Net-(C13-Pad2)")
    (add_net "Net-(C4-Pad1)")
    (add_net "Net-(C7-Pad1)")
    (add_net "Net-(C9-Pad1)")
    (add_net "Net-(C9-Pad2)")
    (add_net "Net-(J12-Pad4)")
    (add_net "Net-(J12-Pad5)")
    (add_net "Net-(J12-Pad6)")
    (add_net "Net-(J12-Pad7)")
    (add_net "Net-(J12-Pad8)")
    (add_net "Net-(J12-Pad9)")
    (add_net "Net-(J13-Pad3)")
    (add_net "Net-(J13-Pad5)")
    (add_net "Net-(J13-Pad6)")
    (add_net "Net-(J14-Pad4)")
    (add_net "Net-(J14-Pad6)")
    (add_net "Net-(J5-Pad1)")
    (add_net "Net-(J6-Pad6)")
    (add_net "Net-(J6-Pad7)")
    (add_net "Net-(J6-Pad8)")
    (add_net "Net-(R25-Pad2)")
    (add_net "Net-(R7-Pad2)")
    (add_net "Net-(U3-Pad33)")
    (add_net PA00)
    (add_net PA01)
    (add_net PA02)
    (add_net PA03)
    (add_net PA04)
    (add_net PA05)
    (add_net PA06)
    (add_net PA07)
    (add_net PA08)
    (add_net PA09)
    (add_net PA10)
    (add_net PA11)
    (add_net PA14)
    (add_net PA15)
    (add_net PA16)
    (add_net PA17)
    (add_net PA18)
    (add_net PA19)
    (add_net PA22)
    (add_net PA23)
    (add_net PA24)
    (add_net PA25)
    (add_net PA27)
    (add_net PA28)
    (add_net PA30)
    (add_net PA31)
    (add_net RESET)
    (add_net SCL)
    (add_net SDA)
  )

  (module Battery:BatteryHolder_Keystone_103_1x20mm (layer F.Cu) (tedit 5787C32C) (tstamp 606F54D4)
    (at 144.2 71.2)
    (descr http://www.keyelco.com/product-pdf.cfm?p=719)
    (tags "Keystone type 103 battery holder")
    (path /5FB03683/5FB40A5C)
    (fp_text reference BAT1 (at 0 -4.3) (layer F.SilkS)
      (effects (font (size 1 1) (thickness 0.15)))
    )
    (fp_text value "BS-7    3.3V" (at 15 13) (layer F.Fab)
      (effects (font (size 1 1) (thickness 0.15)))
    )
    (fp_line (start 0 -1.3) (end 0 1.3) (layer F.Fab) (width 0.1))
    (fp_line (start 16.2 -1.3) (end 0 -1.3) (layer F.Fab) (width 0.1))
    (fp_line (start 0 1.3) (end 16.2 1.3) (layer F.Fab) (width 0.1))
    (fp_line (start -2.1 -2.5) (end -2.1 2.5) (layer F.Fab) (width 0.1))
    (fp_line (start -1.7 2.9) (end 3.5306 2.9) (layer F.Fab) (width 0.1))
    (fp_line (start 3.5306 -2.9) (end -1.7 -2.9) (layer F.Fab) (width 0.1))
    (fp_line (start 23.5712 -7.7216) (end 22.6314 -6.858) (layer F.Fab) (width 0.1))
    (fp_line (start 23.5712 7.7216) (end 22.6568 6.8834) (layer F.Fab) (width 0.1))
    (fp_line (start -2.2 3) (end 3.5 3) (layer F.SilkS) (width 0.12))
    (fp_line (start -2.2 3) (end -2.2 -3) (layer F.SilkS) (width 0.12))
    (fp_line (start -2.2 -3) (end 3.5 -3) (layer F.SilkS) (width 0.12))
    (fp_line (start -2.45 3.25) (end -2.45 -3.25) (layer F.CrtYd) (width 0.05))
    (fp_line (start -2.45 3.25) (end 3.5 3.25) (layer F.CrtYd) (width 0.05))
    (fp_line (start -2.45 -3.25) (end 3.5 -3.25) (layer F.CrtYd) (width 0.05))
    (fp_text user + (at 2.75 0) (layer F.SilkS)
      (effects (font (size 1.5 1.5) (thickness 0.15)))
    )
    (fp_text user %R (at 0 0) (layer F.Fab)
      (effects (font (size 1 1) (thickness 0.15)))
    )
    (fp_arc (start 15.2 0) (end 4.01 3.6) (angle -162.5) (layer F.CrtYd) (width 0.05))
    (fp_arc (start 15.2 0) (end 4.01 -3.6) (angle 162.5) (layer F.CrtYd) (width 0.05))
    (fp_arc (start 3.5 3.8) (end 3.5 3.25) (angle 70) (layer F.CrtYd) (width 0.05))
    (fp_arc (start 3.5 -3.8) (end 3.5 -3.25) (angle -70) (layer F.CrtYd) (width 0.05))
    (fp_arc (start 15.2 0) (end 4.25 3.5) (angle -162.5) (layer F.SilkS) (width 0.12))
    (fp_arc (start 3.5 3.8) (end 3.5 3) (angle 70) (layer F.SilkS) (width 0.12))
    (fp_arc (start 15.2 0) (end 4.25 -3.5) (angle 162.5) (layer F.SilkS) (width 0.12))
    (fp_arc (start 3.5 -3.8) (end 3.5 -3) (angle -70) (layer F.SilkS) (width 0.12))
    (fp_arc (start 3.5 3.8) (end 3.5 2.9) (angle 70) (layer F.Fab) (width 0.1))
    (fp_arc (start 15.2 0) (end 4.35 3.5) (angle -162.5) (layer F.Fab) (width 0.1))
    (fp_arc (start 15.2 0) (end 4.35 -3.5) (angle 162.5) (layer F.Fab) (width 0.1))
    (fp_arc (start 15.2 0) (end 5.2 1.3) (angle -180) (layer F.Fab) (width 0.1))
    (fp_arc (start 15.2 0) (end 9 1.3) (angle -170) (layer F.Fab) (width 0.1))
    (fp_arc (start 15.2 0) (end 13.3 1.3) (angle -150) (layer F.Fab) (width 0.1))
    (fp_arc (start 15.2 0) (end 13.3 -1.3) (angle 150) (layer F.Fab) (width 0.1))
    (fp_arc (start 15.2 0) (end 9 -1.3) (angle 170) (layer F.Fab) (width 0.1))
    (fp_arc (start 15.2 0) (end 5.2 -1.3) (angle 180) (layer F.Fab) (width 0.1))
    (fp_arc (start 3.5 -3.8) (end 3.5 -2.9) (angle -70) (layer F.Fab) (width 0.1))
    (fp_arc (start 16.2 0) (end 16.2 -1.3) (angle 180) (layer F.Fab) (width 0.1))
    (fp_arc (start -1.7 2.5) (end -2.1 2.5) (angle -90) (layer F.Fab) (width 0.1))
    (fp_arc (start -1.7 -2.5) (end -2.1 -2.5) (angle 90) (layer F.Fab) (width 0.1))
    (pad 2 thru_hole circle (at 20.49 0) (size 3 3) (drill 1.5) (layers *.Cu *.Mask))
    (pad 1 thru_hole rect (at 0 0) (size 3 3) (drill 1.5) (layers *.Cu *.Mask))
    (model ${KISYS3DMOD}/Battery.3dshapes/BatteryHolder_Keystone_103_1x20mm.wrl
      (at (xyz 0 0 0))
      (scale (xyz 1 1 1))
      (rotate (xyz 0 0 0))
    )
  )

  (module Capacitor_SMD:C_0402_1005Metric (layer B.Cu) (tedit 5F68FEEE) (tstamp 606F54E5)
    (at 145.35 102.2)
    (descr "Capacitor SMD 0402 (1005 Metric), square (rectangular) end terminal, IPC_7351 nominal, (Body size source: IPC-SM-782 page 76, https://www.pcb-3d.com/wordpress/wp-content/uploads/ipc-sm-782a_amendment_1_and_2.pdf), generated with kicad-footprint-generator")
    (tags capacitor)
    (path /5FB6B30F/5FA7541C)
    (attr smd)
    (fp_text reference C1 (at 0 1.16) (layer B.SilkS)
      (effects (font (size 1 1) (thickness 0.15)) (justify mirror))
    )
    (fp_text value "0.33uF 330NF-0402" (at 0 -1.16) (layer B.Fab)
      (effects (font (size 1 1) (thickness 0.15)) (justify mirror))
    )
    (fp_line (start -0.5 -0.25) (end -0.5 0.25) (layer B.Fab) (width 0.1))
    (fp_line (start -0.5 0.25) (end 0.5 0.25) (layer B.Fab) (width 0.1))
    (fp_line (start 0.5 0.25) (end 0.5 -0.25) (layer B.Fab) (width 0.1))
    (fp_line (start 0.5 -0.25) (end -0.5 -0.25) (layer B.Fab) (width 0.1))
    (fp_line (start -0.107836 0.36) (end 0.107836 0.36) (layer B.SilkS) (width 0.12))
    (fp_line (start -0.107836 -0.36) (end 0.107836 -0.36) (layer B.SilkS) (width 0.12))
    (fp_line (start -0.91 -0.46) (end -0.91 0.46) (layer B.CrtYd) (width 0.05))
    (fp_line (start -0.91 0.46) (end 0.91 0.46) (layer B.CrtYd) (width 0.05))
    (fp_line (start 0.91 0.46) (end 0.91 -0.46) (layer B.CrtYd) (width 0.05))
    (fp_line (start 0.91 -0.46) (end -0.91 -0.46) (layer B.CrtYd) (width 0.05))
    (fp_text user %R (at 0 0) (layer B.Fab)
      (effects (font (size 0.25 0.25) (thickness 0.04)) (justify mirror))
    )
    (pad 2 smd roundrect (at 0.48 0) (size 0.56 0.62) (layers B.Cu B.Paste B.Mask) (roundrect_rratio 0.25)
      (net 1 GND))
    (pad 1 smd roundrect (at -0.48 0) (size 0.56 0.62) (layers B.Cu B.Paste B.Mask) (roundrect_rratio 0.25)
      (net 2 +12V))
    (model ${KISYS3DMOD}/Capacitor_SMD.3dshapes/C_0402_1005Metric.wrl
      (at (xyz 0 0 0))
      (scale (xyz 1 1 1))
      (rotate (xyz 0 0 0))
    )
  )

  (module Capacitor_SMD:C_0402_1005Metric (layer B.Cu) (tedit 5F68FEEE) (tstamp 606F54F6)
    (at 161.85 99.95)
    (descr "Capacitor SMD 0402 (1005 Metric), square (rectangular) end terminal, IPC_7351 nominal, (Body size source: IPC-SM-782 page 76, https://www.pcb-3d.com/wordpress/wp-content/uploads/ipc-sm-782a_amendment_1_and_2.pdf), generated with kicad-footprint-generator")
    (tags capacitor)
    (path /5FB6B30F/5FA75BDB)
    (attr smd)
    (fp_text reference C2 (at 0 1.16) (layer B.SilkS)
      (effects (font (size 1 1) (thickness 0.15)) (justify mirror))
    )
    (fp_text value 0.1uF (at 0 -1.16) (layer B.Fab)
      (effects (font (size 1 1) (thickness 0.15)) (justify mirror))
    )
    (fp_line (start 0.91 -0.46) (end -0.91 -0.46) (layer B.CrtYd) (width 0.05))
    (fp_line (start 0.91 0.46) (end 0.91 -0.46) (layer B.CrtYd) (width 0.05))
    (fp_line (start -0.91 0.46) (end 0.91 0.46) (layer B.CrtYd) (width 0.05))
    (fp_line (start -0.91 -0.46) (end -0.91 0.46) (layer B.CrtYd) (width 0.05))
    (fp_line (start -0.107836 -0.36) (end 0.107836 -0.36) (layer B.SilkS) (width 0.12))
    (fp_line (start -0.107836 0.36) (end 0.107836 0.36) (layer B.SilkS) (width 0.12))
    (fp_line (start 0.5 -0.25) (end -0.5 -0.25) (layer B.Fab) (width 0.1))
    (fp_line (start 0.5 0.25) (end 0.5 -0.25) (layer B.Fab) (width 0.1))
    (fp_line (start -0.5 0.25) (end 0.5 0.25) (layer B.Fab) (width 0.1))
    (fp_line (start -0.5 -0.25) (end -0.5 0.25) (layer B.Fab) (width 0.1))
    (fp_text user %R (at 0 0) (layer B.Fab)
      (effects (font (size 0.25 0.25) (thickness 0.04)) (justify mirror))
    )
    (pad 1 smd roundrect (at -0.48 0) (size 0.56 0.62) (layers B.Cu B.Paste B.Mask) (roundrect_rratio 0.25)
      (net 3 +5V))
    (pad 2 smd roundrect (at 0.48 0) (size 0.56 0.62) (layers B.Cu B.Paste B.Mask) (roundrect_rratio 0.25)
      (net 1 GND))
    (model ${KISYS3DMOD}/Capacitor_SMD.3dshapes/C_0402_1005Metric.wrl
      (at (xyz 0 0 0))
      (scale (xyz 1 1 1))
      (rotate (xyz 0 0 0))
    )
  )

  (module Capacitor_SMD:C_0402_1005Metric (layer B.Cu) (tedit 5F68FEEE) (tstamp 606F5507)
    (at 153.08 130.6)
    (descr "Capacitor SMD 0402 (1005 Metric), square (rectangular) end terminal, IPC_7351 nominal, (Body size source: IPC-SM-782 page 76, https://www.pcb-3d.com/wordpress/wp-content/uploads/ipc-sm-782a_amendment_1_and_2.pdf), generated with kicad-footprint-generator")
    (tags capacitor)
    (path /5FB6B30F/5FA79CE3)
    (attr smd)
    (fp_text reference C3 (at 0 1.16) (layer B.SilkS)
      (effects (font (size 1 1) (thickness 0.15)) (justify mirror))
    )
    (fp_text value 0.1uF (at 0 -1.16) (layer B.Fab)
      (effects (font (size 1 1) (thickness 0.15)) (justify mirror))
    )
    (fp_line (start 0.91 -0.46) (end -0.91 -0.46) (layer B.CrtYd) (width 0.05))
    (fp_line (start 0.91 0.46) (end 0.91 -0.46) (layer B.CrtYd) (width 0.05))
    (fp_line (start -0.91 0.46) (end 0.91 0.46) (layer B.CrtYd) (width 0.05))
    (fp_line (start -0.91 -0.46) (end -0.91 0.46) (layer B.CrtYd) (width 0.05))
    (fp_line (start -0.107836 -0.36) (end 0.107836 -0.36) (layer B.SilkS) (width 0.12))
    (fp_line (start -0.107836 0.36) (end 0.107836 0.36) (layer B.SilkS) (width 0.12))
    (fp_line (start 0.5 -0.25) (end -0.5 -0.25) (layer B.Fab) (width 0.1))
    (fp_line (start 0.5 0.25) (end 0.5 -0.25) (layer B.Fab) (width 0.1))
    (fp_line (start -0.5 0.25) (end 0.5 0.25) (layer B.Fab) (width 0.1))
    (fp_line (start -0.5 -0.25) (end -0.5 0.25) (layer B.Fab) (width 0.1))
    (fp_text user %R (at 0 0) (layer B.Fab)
      (effects (font (size 0.25 0.25) (thickness 0.04)) (justify mirror))
    )
    (pad 1 smd roundrect (at -0.48 0) (size 0.56 0.62) (layers B.Cu B.Paste B.Mask) (roundrect_rratio 0.25)
      (net 2 +12V))
    (pad 2 smd roundrect (at 0.48 0) (size 0.56 0.62) (layers B.Cu B.Paste B.Mask) (roundrect_rratio 0.25)
      (net 1 GND))
    (model ${KISYS3DMOD}/Capacitor_SMD.3dshapes/C_0402_1005Metric.wrl
      (at (xyz 0 0 0))
      (scale (xyz 1 1 1))
      (rotate (xyz 0 0 0))
    )
  )

  (module Capacitor_THT:CP_Radial_Tantal_D5.0mm_P5.00mm (layer F.Cu) (tedit 5AE50EF0) (tstamp 606F5516)
    (at 172.5 114.3)
    (descr "CP, Radial_Tantal series, Radial, pin pitch=5.00mm, , diameter=5.0mm, Tantal Electrolytic Capacitor, http://cdn-reichelt.de/documents/datenblatt/B300/TANTAL-TB-Serie%23.pdf")
    (tags "CP Radial_Tantal series Radial pin pitch 5.00mm  diameter 5.0mm Tantal Electrolytic Capacitor")
    (path /5FB6B30F/5FA7BC81)
    (fp_text reference C4 (at 2.5 -3.75) (layer F.SilkS)
      (effects (font (size 1 1) (thickness 0.15)))
    )
    (fp_text value 10uF (at 2.5 3.75) (layer F.Fab)
      (effects (font (size 1 1) (thickness 0.15)))
    )
    (fp_line (start -0.054775 -1.725) (end -0.054775 -1.225) (layer F.SilkS) (width 0.12))
    (fp_line (start -0.304775 -1.475) (end 0.195225 -1.475) (layer F.SilkS) (width 0.12))
    (fp_line (start 0.616395 -1.3375) (end 0.616395 -0.8375) (layer F.Fab) (width 0.1))
    (fp_line (start 0.366395 -1.0875) (end 0.866395 -1.0875) (layer F.Fab) (width 0.1))
    (fp_circle (center 2.5 0) (end 6.22 0) (layer F.CrtYd) (width 0.05))
    (fp_circle (center 2.5 0) (end 5 0) (layer F.Fab) (width 0.1))
    (fp_arc (start 2.5 0) (end 0.104003 -1.06) (angle 132.27036) (layer F.SilkS) (width 0.12))
    (fp_arc (start 2.5 0) (end 0.104003 1.06) (angle -132.27036) (layer F.SilkS) (width 0.12))
    (fp_text user %R (at 2.5 0) (layer F.Fab)
      (effects (font (size 1 1) (thickness 0.15)))
    )
    (pad 1 thru_hole rect (at 0 0) (size 1.6 1.6) (drill 0.8) (layers *.Cu *.Mask)
      (net 4 "Net-(C4-Pad1)"))
    (pad 2 thru_hole circle (at 5 0) (size 1.6 1.6) (drill 0.8) (layers *.Cu *.Mask)
      (net 1 GND))
    (model ${KISYS3DMOD}/Capacitor_THT.3dshapes/CP_Radial_Tantal_D5.0mm_P5.00mm.wrl
      (at (xyz 0 0 0))
      (scale (xyz 1 1 1))
      (rotate (xyz 0 0 0))
    )
  )

  (module Capacitor_THT:CP_Radial_Tantal_D5.0mm_P5.00mm (layer F.Cu) (tedit 5AE50EF0) (tstamp 606F5525)
    (at 164.6 112.8)
    (descr "CP, Radial_Tantal series, Radial, pin pitch=5.00mm, , diameter=5.0mm, Tantal Electrolytic Capacitor, http://cdn-reichelt.de/documents/datenblatt/B300/TANTAL-TB-Serie%23.pdf")
    (tags "CP Radial_Tantal series Radial pin pitch 5.00mm  diameter 5.0mm Tantal Electrolytic Capacitor")
    (path /5FB6B30F/5FA7A319)
    (fp_text reference C5 (at 2.5 -3.75) (layer F.SilkS)
      (effects (font (size 1 1) (thickness 0.15)))
    )
    (fp_text value 1uF (at 2.5 3.75) (layer F.Fab)
      (effects (font (size 1 1) (thickness 0.15)))
    )
    (fp_circle (center 2.5 0) (end 5 0) (layer F.Fab) (width 0.1))
    (fp_circle (center 2.5 0) (end 6.22 0) (layer F.CrtYd) (width 0.05))
    (fp_line (start 0.366395 -1.0875) (end 0.866395 -1.0875) (layer F.Fab) (width 0.1))
    (fp_line (start 0.616395 -1.3375) (end 0.616395 -0.8375) (layer F.Fab) (width 0.1))
    (fp_line (start -0.304775 -1.475) (end 0.195225 -1.475) (layer F.SilkS) (width 0.12))
    (fp_line (start -0.054775 -1.725) (end -0.054775 -1.225) (layer F.SilkS) (width 0.12))
    (fp_text user %R (at 2.5 0) (layer F.Fab)
      (effects (font (size 1 1) (thickness 0.15)))
    )
    (fp_arc (start 2.5 0) (end 0.104003 1.06) (angle -132.27036) (layer F.SilkS) (width 0.12))
    (fp_arc (start 2.5 0) (end 0.104003 -1.06) (angle 132.27036) (layer F.SilkS) (width 0.12))
    (pad 2 thru_hole circle (at 5 0) (size 1.6 1.6) (drill 0.8) (layers *.Cu *.Mask)
      (net 1 GND))
    (pad 1 thru_hole rect (at 0 0) (size 1.6 1.6) (drill 0.8) (layers *.Cu *.Mask)
      (net 5 +3V3))
    (model ${KISYS3DMOD}/Capacitor_THT.3dshapes/CP_Radial_Tantal_D5.0mm_P5.00mm.wrl
      (at (xyz 0 0 0))
      (scale (xyz 1 1 1))
      (rotate (xyz 0 0 0))
    )
  )

  (module Capacitor_SMD:C_0402_1005Metric (layer B.Cu) (tedit 5F68FEEE) (tstamp 606F5536)
    (at 141.7 83.8)
    (descr "Capacitor SMD 0402 (1005 Metric), square (rectangular) end terminal, IPC_7351 nominal, (Body size source: IPC-SM-782 page 76, https://www.pcb-3d.com/wordpress/wp-content/uploads/ipc-sm-782a_amendment_1_and_2.pdf), generated with kicad-footprint-generator")
    (tags capacitor)
    (path /5FB6B44D/5FB67AB7)
    (attr smd)
    (fp_text reference C6 (at 0 1.16) (layer B.SilkS)
      (effects (font (size 1 1) (thickness 0.15)) (justify mirror))
    )
    (fp_text value "100nF DNP" (at 0 -1.16) (layer B.Fab)
      (effects (font (size 1 1) (thickness 0.15)) (justify mirror))
    )
    (fp_line (start -0.5 -0.25) (end -0.5 0.25) (layer B.Fab) (width 0.1))
    (fp_line (start -0.5 0.25) (end 0.5 0.25) (layer B.Fab) (width 0.1))
    (fp_line (start 0.5 0.25) (end 0.5 -0.25) (layer B.Fab) (width 0.1))
    (fp_line (start 0.5 -0.25) (end -0.5 -0.25) (layer B.Fab) (width 0.1))
    (fp_line (start -0.107836 0.36) (end 0.107836 0.36) (layer B.SilkS) (width 0.12))
    (fp_line (start -0.107836 -0.36) (end 0.107836 -0.36) (layer B.SilkS) (width 0.12))
    (fp_line (start -0.91 -0.46) (end -0.91 0.46) (layer B.CrtYd) (width 0.05))
    (fp_line (start -0.91 0.46) (end 0.91 0.46) (layer B.CrtYd) (width 0.05))
    (fp_line (start 0.91 0.46) (end 0.91 -0.46) (layer B.CrtYd) (width 0.05))
    (fp_line (start 0.91 -0.46) (end -0.91 -0.46) (layer B.CrtYd) (width 0.05))
    (fp_text user %R (at 0 0) (layer B.Fab)
      (effects (font (size 0.25 0.25) (thickness 0.04)) (justify mirror))
    )
    (pad 2 smd roundrect (at 0.48 0) (size 0.56 0.62) (layers B.Cu B.Paste B.Mask) (roundrect_rratio 0.25)
      (net 1 GND))
    (pad 1 smd roundrect (at -0.48 0) (size 0.56 0.62) (layers B.Cu B.Paste B.Mask) (roundrect_rratio 0.25)
      (net 5 +3V3))
    (model ${KISYS3DMOD}/Capacitor_SMD.3dshapes/C_0402_1005Metric.wrl
      (at (xyz 0 0 0))
      (scale (xyz 1 1 1))
      (rotate (xyz 0 0 0))
    )
  )

  (module Capacitor_SMD:C_0402_1005Metric (layer B.Cu) (tedit 5F68FEEE) (tstamp 606F5547)
    (at 146.2 83.9)
    (descr "Capacitor SMD 0402 (1005 Metric), square (rectangular) end terminal, IPC_7351 nominal, (Body size source: IPC-SM-782 page 76, https://www.pcb-3d.com/wordpress/wp-content/uploads/ipc-sm-782a_amendment_1_and_2.pdf), generated with kicad-footprint-generator")
    (tags capacitor)
    (path /5FB6B44D/5FB646A0)
    (attr smd)
    (fp_text reference C7 (at 0 1.16) (layer B.SilkS)
      (effects (font (size 1 1) (thickness 0.15)) (justify mirror))
    )
    (fp_text value 1uF (at 0 -1.16) (layer B.Fab)
      (effects (font (size 1 1) (thickness 0.15)) (justify mirror))
    )
    (fp_line (start -0.5 -0.25) (end -0.5 0.25) (layer B.Fab) (width 0.1))
    (fp_line (start -0.5 0.25) (end 0.5 0.25) (layer B.Fab) (width 0.1))
    (fp_line (start 0.5 0.25) (end 0.5 -0.25) (layer B.Fab) (width 0.1))
    (fp_line (start 0.5 -0.25) (end -0.5 -0.25) (layer B.Fab) (width 0.1))
    (fp_line (start -0.107836 0.36) (end 0.107836 0.36) (layer B.SilkS) (width 0.12))
    (fp_line (start -0.107836 -0.36) (end 0.107836 -0.36) (layer B.SilkS) (width 0.12))
    (fp_line (start -0.91 -0.46) (end -0.91 0.46) (layer B.CrtYd) (width 0.05))
    (fp_line (start -0.91 0.46) (end 0.91 0.46) (layer B.CrtYd) (width 0.05))
    (fp_line (start 0.91 0.46) (end 0.91 -0.46) (layer B.CrtYd) (width 0.05))
    (fp_line (start 0.91 -0.46) (end -0.91 -0.46) (layer B.CrtYd) (width 0.05))
    (fp_text user %R (at 0 0) (layer B.Fab)
      (effects (font (size 0.25 0.25) (thickness 0.04)) (justify mirror))
    )
    (pad 2 smd roundrect (at 0.48 0) (size 0.56 0.62) (layers B.Cu B.Paste B.Mask) (roundrect_rratio 0.25)
      (net 1 GND))
    (pad 1 smd roundrect (at -0.48 0) (size 0.56 0.62) (layers B.Cu B.Paste B.Mask) (roundrect_rratio 0.25)
      (net 6 "Net-(C7-Pad1)"))
    (model ${KISYS3DMOD}/Capacitor_SMD.3dshapes/C_0402_1005Metric.wrl
      (at (xyz 0 0 0))
      (scale (xyz 1 1 1))
      (rotate (xyz 0 0 0))
    )
  )

  (module Capacitor_SMD:C_0402_1005Metric (layer B.Cu) (tedit 5F68FEEE) (tstamp 606F5558)
    (at 135.52 84.3)
    (descr "Capacitor SMD 0402 (1005 Metric), square (rectangular) end terminal, IPC_7351 nominal, (Body size source: IPC-SM-782 page 76, https://www.pcb-3d.com/wordpress/wp-content/uploads/ipc-sm-782a_amendment_1_and_2.pdf), generated with kicad-footprint-generator")
    (tags capacitor)
    (path /5FB6B44D/5FB6BF77)
    (attr smd)
    (fp_text reference C8 (at 0 1.16) (layer B.SilkS)
      (effects (font (size 1 1) (thickness 0.15)) (justify mirror))
    )
    (fp_text value "100nF DNP" (at 0 -1.16) (layer B.Fab)
      (effects (font (size 1 1) (thickness 0.15)) (justify mirror))
    )
    (fp_line (start 0.91 -0.46) (end -0.91 -0.46) (layer B.CrtYd) (width 0.05))
    (fp_line (start 0.91 0.46) (end 0.91 -0.46) (layer B.CrtYd) (width 0.05))
    (fp_line (start -0.91 0.46) (end 0.91 0.46) (layer B.CrtYd) (width 0.05))
    (fp_line (start -0.91 -0.46) (end -0.91 0.46) (layer B.CrtYd) (width 0.05))
    (fp_line (start -0.107836 -0.36) (end 0.107836 -0.36) (layer B.SilkS) (width 0.12))
    (fp_line (start -0.107836 0.36) (end 0.107836 0.36) (layer B.SilkS) (width 0.12))
    (fp_line (start 0.5 -0.25) (end -0.5 -0.25) (layer B.Fab) (width 0.1))
    (fp_line (start 0.5 0.25) (end 0.5 -0.25) (layer B.Fab) (width 0.1))
    (fp_line (start -0.5 0.25) (end 0.5 0.25) (layer B.Fab) (width 0.1))
    (fp_line (start -0.5 -0.25) (end -0.5 0.25) (layer B.Fab) (width 0.1))
    (fp_text user %R (at 0 0) (layer B.Fab)
      (effects (font (size 0.25 0.25) (thickness 0.04)) (justify mirror))
    )
    (pad 1 smd roundrect (at -0.48 0) (size 0.56 0.62) (layers B.Cu B.Paste B.Mask) (roundrect_rratio 0.25)
      (net 5 +3V3))
    (pad 2 smd roundrect (at 0.48 0) (size 0.56 0.62) (layers B.Cu B.Paste B.Mask) (roundrect_rratio 0.25)
      (net 1 GND))
    (model ${KISYS3DMOD}/Capacitor_SMD.3dshapes/C_0402_1005Metric.wrl
      (at (xyz 0 0 0))
      (scale (xyz 1 1 1))
      (rotate (xyz 0 0 0))
    )
  )

  (module Capacitor_THT:CP_Axial_L10.0mm_D6.0mm_P15.00mm_Horizontal (layer F.Cu) (tedit 5AE50EF2) (tstamp 606F557F)
    (at 123.8 129.8 90)
    (descr "CP, Axial series, Axial, Horizontal, pin pitch=15mm, , length*diameter=10*6mm^2, Electrolytic Capacitor, , http://www.vishay.com/docs/28325/021asm.pdf")
    (tags "CP Axial series Axial Horizontal pin pitch 15mm  length 10mm diameter 6mm Electrolytic Capacitor")
    (path /5FB6B30F/606CE509)
    (fp_text reference C9 (at 7.5 -4.12 90) (layer F.SilkS)
      (effects (font (size 1 1) (thickness 0.15)))
    )
    (fp_text value "0.47uF 450V AC 15mm Pitch" (at 7.5 4.12 90) (layer F.Fab)
      (effects (font (size 1 1) (thickness 0.15)))
    )
    (fp_line (start 16.25 -3.25) (end -1.25 -3.25) (layer F.CrtYd) (width 0.05))
    (fp_line (start 16.25 3.25) (end 16.25 -3.25) (layer F.CrtYd) (width 0.05))
    (fp_line (start -1.25 3.25) (end 16.25 3.25) (layer F.CrtYd) (width 0.05))
    (fp_line (start -1.25 -3.25) (end -1.25 3.25) (layer F.CrtYd) (width 0.05))
    (fp_line (start 13.76 0) (end 12.62 0) (layer F.SilkS) (width 0.12))
    (fp_line (start 1.24 0) (end 2.38 0) (layer F.SilkS) (width 0.12))
    (fp_line (start 5.38 3.12) (end 12.62 3.12) (layer F.SilkS) (width 0.12))
    (fp_line (start 4.63 2.37) (end 5.38 3.12) (layer F.SilkS) (width 0.12))
    (fp_line (start 3.88 3.12) (end 4.63 2.37) (layer F.SilkS) (width 0.12))
    (fp_line (start 2.38 3.12) (end 3.88 3.12) (layer F.SilkS) (width 0.12))
    (fp_line (start 5.38 -3.12) (end 12.62 -3.12) (layer F.SilkS) (width 0.12))
    (fp_line (start 4.63 -2.37) (end 5.38 -3.12) (layer F.SilkS) (width 0.12))
    (fp_line (start 3.88 -3.12) (end 4.63 -2.37) (layer F.SilkS) (width 0.12))
    (fp_line (start 2.38 -3.12) (end 3.88 -3.12) (layer F.SilkS) (width 0.12))
    (fp_line (start 12.62 -3.12) (end 12.62 3.12) (layer F.SilkS) (width 0.12))
    (fp_line (start 2.38 -3.12) (end 2.38 3.12) (layer F.SilkS) (width 0.12))
    (fp_line (start 1.38 -2.95) (end 1.38 -1.45) (layer F.SilkS) (width 0.12))
    (fp_line (start 0.63 -2.2) (end 2.13 -2.2) (layer F.SilkS) (width 0.12))
    (fp_line (start 4.65 -0.75) (end 4.65 0.75) (layer F.Fab) (width 0.1))
    (fp_line (start 3.9 0) (end 5.4 0) (layer F.Fab) (width 0.1))
    (fp_line (start 15 0) (end 12.5 0) (layer F.Fab) (width 0.1))
    (fp_line (start 0 0) (end 2.5 0) (layer F.Fab) (width 0.1))
    (fp_line (start 5.38 3) (end 12.5 3) (layer F.Fab) (width 0.1))
    (fp_line (start 4.63 2.25) (end 5.38 3) (layer F.Fab) (width 0.1))
    (fp_line (start 3.88 3) (end 4.63 2.25) (layer F.Fab) (width 0.1))
    (fp_line (start 2.5 3) (end 3.88 3) (layer F.Fab) (width 0.1))
    (fp_line (start 5.38 -3) (end 12.5 -3) (layer F.Fab) (width 0.1))
    (fp_line (start 4.63 -2.25) (end 5.38 -3) (layer F.Fab) (width 0.1))
    (fp_line (start 3.88 -3) (end 4.63 -2.25) (layer F.Fab) (width 0.1))
    (fp_line (start 2.5 -3) (end 3.88 -3) (layer F.Fab) (width 0.1))
    (fp_line (start 12.5 -3) (end 12.5 3) (layer F.Fab) (width 0.1))
    (fp_line (start 2.5 -3) (end 2.5 3) (layer F.Fab) (width 0.1))
    (fp_text user %R (at 7.5 0 90) (layer F.Fab)
      (effects (font (size 1 1) (thickness 0.15)))
    )
    (pad 1 thru_hole rect (at 0 0 90) (size 2 2) (drill 1) (layers *.Cu *.Mask)
      (net 7 "Net-(C9-Pad1)"))
    (pad 2 thru_hole oval (at 15 0 90) (size 2 2) (drill 1) (layers *.Cu *.Mask)
      (net 8 "Net-(C9-Pad2)"))
    (model ${KISYS3DMOD}/Capacitor_THT.3dshapes/CP_Axial_L10.0mm_D6.0mm_P15.00mm_Horizontal.wrl
      (at (xyz 0 0 0))
      (scale (xyz 1 1 1))
      (rotate (xyz 0 0 0))
    )
  )

  (module Capacitor_SMD:C_0402_1005Metric (layer B.Cu) (tedit 5F68FEEE) (tstamp 606F5590)
    (at 137.3 66.3)
    (descr "Capacitor SMD 0402 (1005 Metric), square (rectangular) end terminal, IPC_7351 nominal, (Body size source: IPC-SM-782 page 76, https://www.pcb-3d.com/wordpress/wp-content/uploads/ipc-sm-782a_amendment_1_and_2.pdf), generated with kicad-footprint-generator")
    (tags capacitor)
    (path /5FB03683/5FB42048)
    (attr smd)
    (fp_text reference C10 (at 0 1.16) (layer B.SilkS)
      (effects (font (size 1 1) (thickness 0.15)) (justify mirror))
    )
    (fp_text value "0.1U to 1UF" (at 0 -1.16) (layer B.Fab)
      (effects (font (size 1 1) (thickness 0.15)) (justify mirror))
    )
    (fp_line (start 0.91 -0.46) (end -0.91 -0.46) (layer B.CrtYd) (width 0.05))
    (fp_line (start 0.91 0.46) (end 0.91 -0.46) (layer B.CrtYd) (width 0.05))
    (fp_line (start -0.91 0.46) (end 0.91 0.46) (layer B.CrtYd) (width 0.05))
    (fp_line (start -0.91 -0.46) (end -0.91 0.46) (layer B.CrtYd) (width 0.05))
    (fp_line (start -0.107836 -0.36) (end 0.107836 -0.36) (layer B.SilkS) (width 0.12))
    (fp_line (start -0.107836 0.36) (end 0.107836 0.36) (layer B.SilkS) (width 0.12))
    (fp_line (start 0.5 -0.25) (end -0.5 -0.25) (layer B.Fab) (width 0.1))
    (fp_line (start 0.5 0.25) (end 0.5 -0.25) (layer B.Fab) (width 0.1))
    (fp_line (start -0.5 0.25) (end 0.5 0.25) (layer B.Fab) (width 0.1))
    (fp_line (start -0.5 -0.25) (end -0.5 0.25) (layer B.Fab) (width 0.1))
    (fp_text user %R (at 0 0) (layer B.Fab)
      (effects (font (size 0.25 0.25) (thickness 0.04)) (justify mirror))
    )
    (pad 1 smd roundrect (at -0.48 0) (size 0.56 0.62) (layers B.Cu B.Paste B.Mask) (roundrect_rratio 0.25)
      (net 5 +3V3))
    (pad 2 smd roundrect (at 0.48 0) (size 0.56 0.62) (layers B.Cu B.Paste B.Mask) (roundrect_rratio 0.25)
      (net 1 GND))
    (model ${KISYS3DMOD}/Capacitor_SMD.3dshapes/C_0402_1005Metric.wrl
      (at (xyz 0 0 0))
      (scale (xyz 1 1 1))
      (rotate (xyz 0 0 0))
    )
  )

  (module Capacitor_SMD:C_0402_1005Metric (layer B.Cu) (tedit 5F68FEEE) (tstamp 606F55A1)
    (at 135.4 73.2)
    (descr "Capacitor SMD 0402 (1005 Metric), square (rectangular) end terminal, IPC_7351 nominal, (Body size source: IPC-SM-782 page 76, https://www.pcb-3d.com/wordpress/wp-content/uploads/ipc-sm-782a_amendment_1_and_2.pdf), generated with kicad-footprint-generator")
    (tags capacitor)
    (path /5FB03683/5FBA201D)
    (attr smd)
    (fp_text reference C11 (at 0 1.16) (layer B.SilkS)
      (effects (font (size 1 1) (thickness 0.15)) (justify mirror))
    )
    (fp_text value C_Small (at 0 -1.16) (layer B.Fab)
      (effects (font (size 1 1) (thickness 0.15)) (justify mirror))
    )
    (fp_line (start -0.5 -0.25) (end -0.5 0.25) (layer B.Fab) (width 0.1))
    (fp_line (start -0.5 0.25) (end 0.5 0.25) (layer B.Fab) (width 0.1))
    (fp_line (start 0.5 0.25) (end 0.5 -0.25) (layer B.Fab) (width 0.1))
    (fp_line (start 0.5 -0.25) (end -0.5 -0.25) (layer B.Fab) (width 0.1))
    (fp_line (start -0.107836 0.36) (end 0.107836 0.36) (layer B.SilkS) (width 0.12))
    (fp_line (start -0.107836 -0.36) (end 0.107836 -0.36) (layer B.SilkS) (width 0.12))
    (fp_line (start -0.91 -0.46) (end -0.91 0.46) (layer B.CrtYd) (width 0.05))
    (fp_line (start -0.91 0.46) (end 0.91 0.46) (layer B.CrtYd) (width 0.05))
    (fp_line (start 0.91 0.46) (end 0.91 -0.46) (layer B.CrtYd) (width 0.05))
    (fp_line (start 0.91 -0.46) (end -0.91 -0.46) (layer B.CrtYd) (width 0.05))
    (fp_text user %R (at 0 0) (layer B.Fab)
      (effects (font (size 0.25 0.25) (thickness 0.04)) (justify mirror))
    )
    (pad 2 smd roundrect (at 0.48 0) (size 0.56 0.62) (layers B.Cu B.Paste B.Mask) (roundrect_rratio 0.25)
      (net 9 "Net-(C11-Pad2)"))
    (pad 1 smd roundrect (at -0.48 0) (size 0.56 0.62) (layers B.Cu B.Paste B.Mask) (roundrect_rratio 0.25)
      (net 1 GND))
    (model ${KISYS3DMOD}/Capacitor_SMD.3dshapes/C_0402_1005Metric.wrl
      (at (xyz 0 0 0))
      (scale (xyz 1 1 1))
      (rotate (xyz 0 0 0))
    )
  )

  (module Capacitor_SMD:C_0402_1005Metric (layer B.Cu) (tedit 5F68FEEE) (tstamp 606F55B2)
    (at 135.4 80.7)
    (descr "Capacitor SMD 0402 (1005 Metric), square (rectangular) end terminal, IPC_7351 nominal, (Body size source: IPC-SM-782 page 76, https://www.pcb-3d.com/wordpress/wp-content/uploads/ipc-sm-782a_amendment_1_and_2.pdf), generated with kicad-footprint-generator")
    (tags capacitor)
    (path /5FB03683/5FBA2B99)
    (attr smd)
    (fp_text reference C12 (at 0 1.16) (layer B.SilkS)
      (effects (font (size 1 1) (thickness 0.15)) (justify mirror))
    )
    (fp_text value C_Small (at 0 -1.16) (layer B.Fab)
      (effects (font (size 1 1) (thickness 0.15)) (justify mirror))
    )
    (fp_line (start 0.91 -0.46) (end -0.91 -0.46) (layer B.CrtYd) (width 0.05))
    (fp_line (start 0.91 0.46) (end 0.91 -0.46) (layer B.CrtYd) (width 0.05))
    (fp_line (start -0.91 0.46) (end 0.91 0.46) (layer B.CrtYd) (width 0.05))
    (fp_line (start -0.91 -0.46) (end -0.91 0.46) (layer B.CrtYd) (width 0.05))
    (fp_line (start -0.107836 -0.36) (end 0.107836 -0.36) (layer B.SilkS) (width 0.12))
    (fp_line (start -0.107836 0.36) (end 0.107836 0.36) (layer B.SilkS) (width 0.12))
    (fp_line (start 0.5 -0.25) (end -0.5 -0.25) (layer B.Fab) (width 0.1))
    (fp_line (start 0.5 0.25) (end 0.5 -0.25) (layer B.Fab) (width 0.1))
    (fp_line (start -0.5 0.25) (end 0.5 0.25) (layer B.Fab) (width 0.1))
    (fp_line (start -0.5 -0.25) (end -0.5 0.25) (layer B.Fab) (width 0.1))
    (fp_text user %R (at 0 0) (layer B.Fab)
      (effects (font (size 0.25 0.25) (thickness 0.04)) (justify mirror))
    )
    (pad 1 smd roundrect (at -0.48 0) (size 0.56 0.62) (layers B.Cu B.Paste B.Mask) (roundrect_rratio 0.25)
      (net 1 GND))
    (pad 2 smd roundrect (at 0.48 0) (size 0.56 0.62) (layers B.Cu B.Paste B.Mask) (roundrect_rratio 0.25)
      (net 10 "Net-(C12-Pad2)"))
    (model ${KISYS3DMOD}/Capacitor_SMD.3dshapes/C_0402_1005Metric.wrl
      (at (xyz 0 0 0))
      (scale (xyz 1 1 1))
      (rotate (xyz 0 0 0))
    )
  )

  (module Capacitor_THT:CP_Radial_D10.0mm_P2.50mm (layer F.Cu) (tedit 5AE50EF1) (tstamp 606F5674)
    (at 138.1 120 90)
    (descr "CP, Radial series, Radial, pin pitch=2.50mm, , diameter=10mm, Electrolytic Capacitor")
    (tags "CP Radial series Radial pin pitch 2.50mm  diameter 10mm Electrolytic Capacitor")
    (path /5FB6B30F/606D06CF)
    (fp_text reference C13 (at 1.25 -6.25 90) (layer F.SilkS)
      (effects (font (size 1 1) (thickness 0.15)))
    )
    (fp_text value 2000uF (at 1.25 6.25 90) (layer F.Fab)
      (effects (font (size 1 1) (thickness 0.15)))
    )
    (fp_line (start -3.729646 -3.375) (end -3.729646 -2.375) (layer F.SilkS) (width 0.12))
    (fp_line (start -4.229646 -2.875) (end -3.229646 -2.875) (layer F.SilkS) (width 0.12))
    (fp_line (start 6.331 -0.599) (end 6.331 0.599) (layer F.SilkS) (width 0.12))
    (fp_line (start 6.291 -0.862) (end 6.291 0.862) (layer F.SilkS) (width 0.12))
    (fp_line (start 6.251 -1.062) (end 6.251 1.062) (layer F.SilkS) (width 0.12))
    (fp_line (start 6.211 -1.23) (end 6.211 1.23) (layer F.SilkS) (width 0.12))
    (fp_line (start 6.171 -1.378) (end 6.171 1.378) (layer F.SilkS) (width 0.12))
    (fp_line (start 6.131 -1.51) (end 6.131 1.51) (layer F.SilkS) (width 0.12))
    (fp_line (start 6.091 -1.63) (end 6.091 1.63) (layer F.SilkS) (width 0.12))
    (fp_line (start 6.051 -1.742) (end 6.051 1.742) (layer F.SilkS) (width 0.12))
    (fp_line (start 6.011 -1.846) (end 6.011 1.846) (layer F.SilkS) (width 0.12))
    (fp_line (start 5.971 -1.944) (end 5.971 1.944) (layer F.SilkS) (width 0.12))
    (fp_line (start 5.931 -2.037) (end 5.931 2.037) (layer F.SilkS) (width 0.12))
    (fp_line (start 5.891 -2.125) (end 5.891 2.125) (layer F.SilkS) (width 0.12))
    (fp_line (start 5.851 -2.209) (end 5.851 2.209) (layer F.SilkS) (width 0.12))
    (fp_line (start 5.811 -2.289) (end 5.811 2.289) (layer F.SilkS) (width 0.12))
    (fp_line (start 5.771 -2.365) (end 5.771 2.365) (layer F.SilkS) (width 0.12))
    (fp_line (start 5.731 -2.439) (end 5.731 2.439) (layer F.SilkS) (width 0.12))
    (fp_line (start 5.691 -2.51) (end 5.691 2.51) (layer F.SilkS) (width 0.12))
    (fp_line (start 5.651 -2.579) (end 5.651 2.579) (layer F.SilkS) (width 0.12))
    (fp_line (start 5.611 -2.645) (end 5.611 2.645) (layer F.SilkS) (width 0.12))
    (fp_line (start 5.571 -2.709) (end 5.571 2.709) (layer F.SilkS) (width 0.12))
    (fp_line (start 5.531 -2.77) (end 5.531 2.77) (layer F.SilkS) (width 0.12))
    (fp_line (start 5.491 -2.83) (end 5.491 2.83) (layer F.SilkS) (width 0.12))
    (fp_line (start 5.451 -2.889) (end 5.451 2.889) (layer F.SilkS) (width 0.12))
    (fp_line (start 5.411 -2.945) (end 5.411 2.945) (layer F.SilkS) (width 0.12))
    (fp_line (start 5.371 -3) (end 5.371 3) (layer F.SilkS) (width 0.12))
    (fp_line (start 5.331 -3.054) (end 5.331 3.054) (layer F.SilkS) (width 0.12))
    (fp_line (start 5.291 -3.106) (end 5.291 3.106) (layer F.SilkS) (width 0.12))
    (fp_line (start 5.251 -3.156) (end 5.251 3.156) (layer F.SilkS) (width 0.12))
    (fp_line (start 5.211 -3.206) (end 5.211 3.206) (layer F.SilkS) (width 0.12))
    (fp_line (start 5.171 -3.254) (end 5.171 3.254) (layer F.SilkS) (width 0.12))
    (fp_line (start 5.131 -3.301) (end 5.131 3.301) (layer F.SilkS) (width 0.12))
    (fp_line (start 5.091 -3.347) (end 5.091 3.347) (layer F.SilkS) (width 0.12))
    (fp_line (start 5.051 -3.392) (end 5.051 3.392) (layer F.SilkS) (width 0.12))
    (fp_line (start 5.011 -3.436) (end 5.011 3.436) (layer F.SilkS) (width 0.12))
    (fp_line (start 4.971 -3.478) (end 4.971 3.478) (layer F.SilkS) (width 0.12))
    (fp_line (start 4.931 -3.52) (end 4.931 3.52) (layer F.SilkS) (width 0.12))
    (fp_line (start 4.891 -3.561) (end 4.891 3.561) (layer F.SilkS) (width 0.12))
    (fp_line (start 4.851 -3.601) (end 4.851 3.601) (layer F.SilkS) (width 0.12))
    (fp_line (start 4.811 -3.64) (end 4.811 3.64) (layer F.SilkS) (width 0.12))
    (fp_line (start 4.771 -3.679) (end 4.771 3.679) (layer F.SilkS) (width 0.12))
    (fp_line (start 4.731 -3.716) (end 4.731 3.716) (layer F.SilkS) (width 0.12))
    (fp_line (start 4.691 -3.753) (end 4.691 3.753) (layer F.SilkS) (width 0.12))
    (fp_line (start 4.651 -3.789) (end 4.651 3.789) (layer F.SilkS) (width 0.12))
    (fp_line (start 4.611 -3.824) (end 4.611 3.824) (layer F.SilkS) (width 0.12))
    (fp_line (start 4.571 -3.858) (end 4.571 3.858) (layer F.SilkS) (width 0.12))
    (fp_line (start 4.531 -3.892) (end 4.531 3.892) (layer F.SilkS) (width 0.12))
    (fp_line (start 4.491 -3.925) (end 4.491 3.925) (layer F.SilkS) (width 0.12))
    (fp_line (start 4.451 -3.957) (end 4.451 3.957) (layer F.SilkS) (width 0.12))
    (fp_line (start 4.411 -3.989) (end 4.411 3.989) (layer F.SilkS) (width 0.12))
    (fp_line (start 4.371 -4.02) (end 4.371 4.02) (layer F.SilkS) (width 0.12))
